"2015_2" "2015_3" "2016_0" "2016_1" "2016_2" "2016_3" "2017_0" "2017_1" "2017_2" "2017_3" "2018_0" "2018_1" "2018_2" "2018_3" "2019_0" "2019_1" "2019_2" "2019_3" "2020_0" "2020_1" "2020_2" "2020_3" "2021_0"
"maga" 0 0 0 0.663716814159292 6.12903225806452 12.1399176954733 9.52380952380952 6.59340659340659 9.45945945945946 5.40540540540541 17.3076923076923 29.5081967213115 26.3157894736842 30.3571428571429 21.0526315789474 51.8518518518519 15 12.8205128205128 29.9065420560748 24.2718446601942 27.2 50.8695652173913 18.1818181818182
"trump" 1.44927536231884 30.1136363636364 32.6171875 38.0530973451327 12.258064516129 0 0 0 0 0 0 0 0 0 0 1.85185185185185 6 3.84615384615385 0 0 0 0.434782608695652 0
"makeamericagreatagain" 55.0724637681159 24.4318181818182 22.8515625 20.7964601769912 12.258064516129 4.73251028806584 0 1.0989010989011 2.02702702702703 0.675675675675676 0 0 0 0 0 0 0 0 0 0 0 3.04347826086957 0
"americafirst" 0 0 0 0 14.5161290322581 7.81893004115226 4.76190476190476 4.3956043956044 4.05405405405405 1.35135135135135 0 0 0 0 0 0 1 0 0 0 0 0 0
"draintheswamp" 0 0 0 0 0 15.843621399177 0 2.1978021978022 0.675675675675676 0 0 3.27868852459016 0 0 0 0 0 0 0 0 0 0 0
"kag" 0 0 0 0 0 0 0 0 0 0 0 0 0 0 0 1.85185185185185 7 23.0769230769231 23.3644859813084 21.3592233009709 0 0 0
"votetrump" 0 0 3.125 9.73451327433628 0.32258064516129 0.823045267489712 0 0 0 0 0 0 0 0 0 0 0 0 0 0 0 0 0
"imwithyou" 0 0 0 0 11.6129032258065 4.32098765432099 0 0 0 0 0 0 0 0 0 0 0 0 0 0 0 0 0
"bigleaguetruth" 0 0 0 0 0 9.46502057613169 0 0 0 0 0 0 0 0 0 0 0 0 0 0 0 0 0
"a" 0 0 0 0.442477876106195 0.645161290322581 0.205761316872428 0 0 0 0 0 0 0 0 0 0 0 0 17.7570093457944 6.79611650485437 5.6 3.04347826086957 0
"debate" 0 0 0 0 0 9.05349794238683 0 0 0 0 0 0 0 0 0 0 0 0 0 0 0 0 0
"crookedhillary" 0 0 0 0 8.38709677419355 3.29218106995885 0 0 0 0 0 0 0 0 0 0 0 0 0 0 0 0 0
"trumppence" 0 0 0 0 7.74193548387097 1.85185185185185 0 0 0 0 0 0 0 0 0 0 0 0 0 0 0 1.73913043478261 0
"icymi" 0 0.568181818181818 0.1953125 0.442477876106195 0.645161290322581 3.08641975308642 11.9047619047619 4.3956043956044 2.02702702702703 0 0 0 0 0.892857142857143 0 0 0 0 0 0 0 0 0
"gopdebate" 4.34782608695652 2.84090909090909 4.1015625 0.884955752212389 0 0 0 0 0 0 0 0 0 0 0 0 0 0 0 0 0 0 0
"fitn" 1.44927536231884 0 5.859375 0 0 0 0 0 0 0 0 0 0 0 0 0 0 0 0 0 0 0 0
"usa" 0 0.568181818181818 0 0 0 0 0 5.49450549450549 6.08108108108108 8.78378378378378 1.92307692307692 0 0 0 0 0 1 0 0 0 0 0 9.09090909090909
"debates" 0 0 0 0 0 4.73251028806584 0 0 0 0 0 0 0 0 0 0 0 0 0 0 0 0 0
"g" 0 0 0 0 0 0 0 4.3956043956044 2.7027027027027 0 0 0 3.50877192982456 0.892857142857143 2.63157894736842 0 10 0 0 0 0 0 0
"iacaucus" 0 0.568181818181818 3.90625 0 0 0 0 0 0 0 0 0 0 0 0 0 0 0 0 0 0 0 0
"fakenews" 0 0 0 0 0 0 2.38095238095238 4.3956043956044 3.37837837837838 4.72972972972973 0 0 0 0 5.26315789473684 0 0 0 0 0 0 0 0
"lesm" 0 0.568181818181818 0.1953125 0 0.967741935483871 0.205761316872428 0 0 1.35135135135135 0.675675675675676 3.84615384615385 0 0 1.78571428571429 0 0 0 1.28205128205128 0.934579439252336 0 2.4 0.434782608695652 0
"obamacare" 0 0.568181818181818 0.78125 0 0.967741935483871 1.23456790123457 0 4.3956043956044 0.675675675675676 0 0 0 0 0 0 0 0 0 0 0 0 0 0
"supertuesday" 0 0 0 3.76106194690265 0 0 0 0 0 0 0 0 0 0 0 0 0 0 0 0 0 0 0
"trumptrain" 0 0 0 1.99115044247788 0.967741935483871 1.02880658436214 0 0 0 0 0 0 0 0 0 0 0 0 0 0 0 0 0
"unga" 0 0 0 0 0 0 0 0 0 6.08108108108108 0 0 0 5.35714285714286 0 0 0 1.28205128205128 0 0 0 0 0
"asktrump" 0 8.52272727272727 0 0 0 0 0 0 0 0 0 0 0 0 0 0 0 0 0 0 0 0 0
"magarally" 0 0 0 0 0 0 0 0 0 0 0 0 0 12.5 0 1.85185185185185 0 0 0 0 0 0 0
"dday" 0 0 0 0 0.32258064516129 0 0 0 0.675675675675676 0 0 0 1.75438596491228 0 0 0 11 0 0 0 0 0 0
"rncincle" 0 0 0 0 4.51612903225806 0 0 0 0 0 0 0 0 0 0 0 0 0 0 0 0 0 0
"summit" 0 0 0 0 0 0 0 2.1978021978022 2.7027027027027 0 0 0 3.50877192982456 0.892857142857143 2.63157894736842 0 4 0 0 0 0 0 0
"nc" 0 0 0 0 0 0 0 0 0 0 0 0 0 0 0 0 1 10.2564102564103 0 0 0.8 0.869565217391304 0
"wiprimary" 0 0 0 2.65486725663717 0 0 0 0 0 0 0 0 0 0 0 0 0 0 0 0 0 0 0
"pa" 0 0 0 0 0 0 0 0 0 0 0 0 0 0 0 0 0 0 0 9.70873786407767 0 0.434782608695652 0
"vpdebate" 0 0 0 0 0 2.26337448559671 0 0 0 0 0 0 0 0 0 0 0 0 0 0 0 0 0
"caucusfortrump" 0 0 1.5625 0.442477876106195 0 0 0 0 0 0 0 0 0 0 0 0 0 0 0 0 0 0 0
"debatenight" 0 0 0 0 0 2.05761316872428 0 0 0 0 0 0 0 0 0 0 0 0 0 0 0 0 0
"demdebate" 0 5.11363636363636 0 0 0 0 0 0 0 0 0 0 0 0 0 0 1 0 0 0 0 0 0
"ga" 0 0 0 0 0 0 0 0 1.35135135135135 0 0 0 0 0 0 0 0 0 0 0.970873786407767 5.6 0 0
"inprimary" 0 0 0 2.21238938053097 0 0 0 0 0 0 0 0 0 0 0 0 0 0 0 0 0 0 0
"jobsnotmobs" 0 0 0 0 0 0 0 0 0 0 0 0 0 8.92857142857143 0 0 0 0 0 0 0 0 0
"neverforget" 0 0 0 0 0 0.205761316872428 2.38095238095238 0 0 1.35135135135135 1.92307692307692 0 0 3.57142857142857 0 0 0 0 0 0 0 0.434782608695652 0
"taxreform" 0 0 0 0 0 0 0 0 0 6.75675675675676 0 0 0 0 0 0 0 0 0 0 0 0 0
"vote" 0 0 0 0 0 0 0 0 0 0 0 0 0 0 0 0 0 0 0 0 0 4.34782608695652 0
"nyprimary" 0 0 0 1.99115044247788 0 0 0 0 0 0 0 0 0 0 0 0 0 0 0 0 0 0 0
"thankyoutour" 0 0 0 0 0 0 21.4285714285714 0 0 0 0 0 0 0 0 0 0 0 0 0 0 0 0
"votetrumpsc" 0 0 1.7578125 0 0 0 0 0 0 0 0 0 0 0 0 0 0 0 0 0 0 0 0
"apec" 0 0 0 0 0 0 0 0 0 5.40540540540541 0 0 0 0 0 0 0 0 0 0 0 0 0
"hurricaneharvey" 0 0 0 0 0 0 0 0 4.72972972972973 0.675675675675676 0 0 0 0 0 0 0 0 0 0 0 0 0
"mn" 0 0 0 0 0 0 0 0 0 0 0 0 0 0 0 0 0 0 0 0 3.2 1.73913043478261 0
"ncgopcon" 11.5942028985507 0 0 0 0 0 0 0 0 0 0 0 0 0 0 0 0 0 0 0 0 0 0
"periscope" 4.34782608695652 1.13636363636364 0.1953125 0 0 0.205761316872428 0 0 0 0 1.92307692307692 0 0 0 0 0 0 0 0 0 0 0 0
"potus" 0 0.568181818181818 0.5859375 0.442477876106195 0 0.205761316872428 0 1.0989010989011 0 0 0 0 0 0 0 0 0 0 0 0 0 0 0
"tx" 0 0 0 0 0 0 0 0 0 0 0 0 0 0 0 0 0 0 1.86915887850467 0.970873786407767 2.4 0.869565217391304 0
"votetrumpnh" 0 0 1.5625 0 0 0 0 0 0 0 0 0 0 0 0 0 0 0 0 0 0 0 0
"weeklyaddress" 0 0 0 0 0 0 0 4.3956043956044 1.35135135135135 1.35135135135135 0 0 0 0 0 0 0 0 0 0 0 0 0
"isis" 0 0.568181818181818 0.5859375 0 0 0.411522633744856 0 0 0.675675675675676 0 0 0 0 0 0 0 0 0 0 0 0 0 0
"nhprimary" 0 0 1.3671875 0 0 0 0 0 0 0 0 0 0 0 0 0 0 0 0 0 0 0 0
"obamacarefail" 0 0 0 0 0 1.440329218107 0 0 0 0 0 0 0 0 0 0 0 0 0 0 0 0 0
"sotu" 0 0 0.390625 0 0 0 0 0 0 0 1.92307692307692 0 0 0 7.89473684210526 0 0 0 0.934579439252336 0 0 0 0
"thanniversary" 0 0 0 0 0 0 0 0 0 0 0 0 0 0 0 0 7 0 0 0 0 0 0
"magatickets" 0 0 0 0 0.32258064516129 1.02880658436214 0 0 0 0 0 0 0 0 0 0 0 0 0 0 0 0 0
"makeamericasafeagain" 0 0 0 0 1.93548387096774 0 0 0 0 0 0 0 0 0 0 0 0 0 0 0 0 0 0
"ny" 0 0 0 0 0 0 0 0 0 0 0 0 0 0.892857142857143 0 0 0 0 0 0 2.4 0.869565217391304 0
"scotus" 0 0 0 0 0 0 0 1.0989010989011 0 0 0 0 5.26315789473684 0 0 0 0 0 0 0 0 0.869565217391304 0
"takebackday" 0 0 0 0 0 0 0 0 0 0 0 3.27868852459016 0 0 0 3.7037037037037 0 2.56410256410256 0 0 0 0 0
"th" 0 0 0 0 0 0.205761316872428 0 0 0 0 0 0 0 2.67857142857143 0 0 2 0 0 0 0 0 0
"tickets" 0 0 0 0.221238938053097 1.29032258064516 0 0 0 0 0 0 0 0 0 0 0 0 1.28205128205128 0 0 0 0 0
"trumprally" 0 0 0 0 0 0.823045267489712 0 0 0 0 0 0 0 0 0 1.85185185185185 0 0 0.934579439252336 0 0 0 0
"uswomensopen" 0 0 0 0 0 0 0 0 4.05405405405405 0 0 0 0 0 0 0 0 0 0 0 0 0 0
"votetrumppence" 0 0 0 0 0 1.23456790123457 0 0 0 0 0 0 0 0 0 0 0 0 0 0 0 0 0
"wef" 0 0 0 0 0 0 0 0 0 0 11.5384615384615 0 0 0 0 0 0 0 0 0 0 0 0
"cpac" 0 0 0 0 0 0 0 0 0 0 7.69230769230769 0 0 0 0 0 0 0 0.934579439252336 0 0 0 0
"election" 0 0 0 0 0 0 0 0 0 0 0 0 0 0 0 0 0 0 2.80373831775701 0 0 0.869565217391304 0
"fake" 0 0 0 0 0 0 0 0 2.7027027027027 0.675675675675676 0 0 0 0 0 0 0 0 0 0 0 0 0
"gopconvention" 0 0 0 0 1.61290322580645 0 0 0 0 0 0 0 0 0 0 0 0 0 0 0 0 0 0
"hurricanemichael" 0 0 0 0 0 0 0 0 0 0 0 0 0 4.46428571428571 0 0 0 0 0 0 0 0 0
"ia" 0 0 0 0 0 0 0 0 0 0 0 0 0 0 0 0 0 0 0 1.94174757281553 0 1.30434782608696 0
"iacp" 0 0 0 0 0 0 0 0 0 0 0 0 0 3.57142857142857 0 0 0 1.28205128205128 0 0 0 0 0
"in" 0 0 0 0 0 0 2.38095238095238 0 0 0 0 0 0 0 0 0 0 0 0 0 2.4 0.434782608695652 0
"kateslaw" 0 0 0 0 0 0 0 0 3.37837837837838 0 0 0 0 0 0 0 0 0 0 0 0 0 0
"mo" 0 0 0 0 0 0 0 0 0 0 0 0 0 0 0 0 0 0 0 0 4 0 0
"noko" 0 0 0 0 0 0 0 0 0 2.7027027027027 1.92307692307692 0 0 0 0 0 0 0 0 0 0 0 0
"ok" 0 0 0 0 0 0 0 0 0 0 0 0 0 0 0 0 0 0 0 0 3.2 0.434782608695652 0
"prstrong" 0 0 0 0 0 0 0 0 0 3.37837837837838 0 0 0 0 0 0 0 0 0 0 0 0 0
"sc" 0 0 0 0 0 0 0 0 0 0 0 0 0 0 0 0 0 0 0 0 2.4 0.869565217391304 0
"scprimary" 0 0 0.9765625 0 0 0 0 0 0 0 0 0 0 0 0 0 0 0 0 0 0 0 0
"usaatunga" 0 0 0 0 0 0 0 0 0 3.37837837837838 0 0 0 0 0 0 0 0 0 0 0 0 0
"va" 1.44927536231884 0 0 0 0 0 0 0 0 0 0 0 0 0 0 0 0 0 0 0 0.8 1.30434782608696 0
"votetrumpnv" 0 0 0.9765625 0 0 0 0 0 0 0 0 0 0 0 0 0 0 0 0 0 0 0 0
"afbf" 0 0 0 0 0 0 0 0 0 0 3.84615384615385 0 0 0 2.63157894736842 0 0 0 0.934579439252336 0 0 0 0
"america" 0 0 0 0 0 0 0 0 0 0 3.84615384615385 1.63934426229508 0 0 0 0 0 0 0 0 0.8 0 0
"armynavygame" 0 0 0 0 0 0 0 0 0 0 1.92307692307692 0 0 0 5.26315789473684 0 0 0 0.934579439252336 0 0 0 0
"ca" 0 0 0 0 0 0 0 0 0 0 0 0 0 0 0 0 0 0 0 3.88349514563107 0 0 0
"caresact" 0 0 0 0 0 0 0 0 0 0 0 0 0 0 0 0 0 0 0 2.9126213592233 0.8 0 0
"cnndebate" 0 2.27272727272727 0 0 0 0 0 0 0 0 0 0 0 0 0 0 0 0 0 0 0 0 0
"dow" 0 0 0 0 0 0 0 0 0.675675675675676 2.02702702702703 0 0 0 0 0 0 0 0 0 0 0 0 0
"electionday" 0 0 0 0 0 0.205761316872428 0 0 0 0 0 0 0 0 2.63157894736842 0 0 1.28205128205128 0 0 0 0.434782608695652 0
"fl" 0 0 0 0 0 0 0 0 0 0 0 0 0 0 0 0 0 0 0.934579439252336 0 0 1.30434782608696 0
"flashbackfriday" 0 0 0 0 0.645161290322581 0 0 0 0.675675675675676 0.675675675675676 0 0 0 0 0 0 0 0 0 0 0 0 0
"hannity" 0 0.568181818181818 0.1953125 0 0.32258064516129 0 0 0 0 0 0 0 0 0 0 1.85185185185185 0 0 0 0 0 0 0
"il" 0 0 0 0 0 0 0 0 0 0 0 0 0 0 0 0 0 0 0 0 0 1.73913043478261 0
"memorialday" 0 0 0 0 0 0 0 1.0989010989011 0 0 0 3.27868852459016 0 0 0 1.85185185185185 0 0 0 0 0 0 0
"ms" 0 0 0 0 0 0 0 0 2.02702702702703 0.675675675675676 0 0 0 0 0 0 0 0 0 0 0 0 0
"nationaldayofprayer" 0 0 0 0 0 0 0 1.0989010989011 0 0 0 3.27868852459016 0 0 0 1.85185185185185 0 0 0 0 0 0 0
"nevadacaucus" 0 0 0.78125 0 0 0 0 0 0 0 0 0 0 0 0 0 0 0 0 0 0 0 0
"newyorkvalues" 0 0 0 0.884955752212389 0 0 0 0 0 0 0 0 0 0 0 0 0 0 0 0 0 0 0
"potusabroad" 0 0 0 0 0 0 0 4.3956043956044 0 0 0 0 0 0 0 0 0 0 0 0 0 0 0
"salutetoamerica" 0 0 0 0 0 0 0 0 0 0 0 0 0 0 0 0 3 0 0 0 0.8 0 0
"september" 0 0 0 0 0 0 0 0 0 0 0 0 0 2.67857142857143 0 0 0 0 0 0 0 0.434782608695652 0
"tbt" 0 0 0.390625 0 0.32258064516129 0 0 0 0 0 0 0 0 0 2.63157894736842 0 0 0 0 0 0 0 0
"usmca" 0 0 0 0 0 0 0 0 0 0 0 0 0 1.78571428571429 0 0 0 0 1.86915887850467 0 0 0 0
"abc" 0 1.70454545454545 0 0 0 0 0 0 0 0 0 0 0 0 0 0 0 0 0 0 0 0 0
"az" 0 0 0 0 0 0 0 0 0 0 0 1.63934426229508 0 0 0 0 0 0 0 0 0.8 0.434782608695652 0
"azprimary" 0 0 0 0.663716814159292 0 0 0 0 0 0 0 0 0 0 0 0 0 0 0 0 0 0 0
"biarritz" 0 0 0 0 0 0 0 0 0 0 0 0 0 0 0 0 3 0 0 0 0 0 0
"buildthewall" 0 0 0 0 0.32258064516129 0 0 1.0989010989011 0 0 0 1.63934426229508 0 0 0 0 0 0 0 0 0 0 0
"co" 0 0 0 0 0 0 0 0 0 0 0 0 0 0 0 0 0 0 0 0 0.8 0.869565217391304 0
"covid" 0 0 0 0 0 0 0 0 0 0 0 0 0 0 0 0 0 0 0 2.9126213592233 0 0 0
"electionnight" 0 0 0 0 0 0.411522633744856 0 0 0 0 0 0 0 0 0 0 0 1.28205128205128 0 0 0 0 0
"fema" 0 0 0 0 0 0 0 0 0 2.02702702702703 0 0 0 0 0 0 0 0 0 0 0 0 0
"geauxvote" 0 0 0 0 0 0 0 0 0 0 0 0 0 0 0 0 0 3.84615384615385 0 0 0 0 0
"godblesstheusa" 0 0 0 0 0 0 2.38095238095238 1.0989010989011 0.675675675675676 0 0 0 0 0 0 0 0 0 0 0 0 0 0
"harvey" 0 0 0 0 0 0 0 0 2.02702702702703 0 0 0 0 0 0 0 0 0 0 0 0 0 0
"helsinki" 0 0 0 0 0 0 0 0 0 0 0 0 5.26315789473684 0 0 0 0 0 0 0 0 0 0
"hurricaneflorence" 0 0 0 0 0 0 0 0 0 0 0 0 0 2.67857142857143 0 0 0 0 0 0 0 0 0
"hurricanelane" 0 0 0 0 0 0 0 0 0 0 0 0 5.26315789473684 0 0 0 0 0 0 0 0 0 0
"inauguration" 0 0 0 0 0 0 7.14285714285714 0 0 0 0 0 0 0 0 0 0 0 0 0 0 0 0
"jfkfiles" 0 0 0 0 0 0 0 0 0 2.02702702702703 0 0 0 0 0 0 0 0 0 0 0 0 0
"k" 0 0 0 0 0 0 0 0 0 2.02702702702703 0 0 0 0 0 0 0 0 0 0 0 0 0
"keepamericagreat" 0 0 0 0 0 0 0 0 0 0 0 0 0 0 0 0 1 0 1.86915887850467 0 0 0 0
"ky" 0 0 0 0 0 0 0 0 0 0 0 0 0 0 0 0 0 0 0 0 2.4 0 0
"laborday" 0 0 0 0 0 0.411522633744856 0 0 0 0.675675675675676 0 0 0 0 0 0 0 0 0 0 0 0 0
"lawandorder" 0 0 0 0 0.645161290322581 0 0 0 0 0 0 0 0 0 0 0 0 0 0 0 0.8 0 0
"madeinamerica" 0 0 0 0 0 0 0 0 1.35135135135135 0 0 0 1.75438596491228 0 0 0 0 0 0 0 0 0 0
"marchforlife" 0 0 0 0 0 0 4.76190476190476 0 0 0 0 0 0 0 0 0 0 0 0.934579439252336 0 0 0 0
"medalofhonorday" 0 0 0 0 0 0 0 1.0989010989011 0 0 0 1.63934426229508 0 0 0 0 0 0 0 0.970873786407767 0 0 0
"meetthetrumps" 0 1.13636363636364 0 0.221238938053097 0 0 0 0 0 0 0 0 0 0 0 0 0 0 0 0 0 0 0
"mi" 0 0 0 0 0 0 0 0 0 0 0 0 0 0 0 0 0 0 0 0 0 1.30434782608696 0
"msm" 0 0 0.5859375 0 0 0 0 0 0 0 0 0 0 0 0 0 0 0 0 0 0 0 0
"nato" 0 0 0 0 0 0 0 2.1978021978022 0 0 0 0 1.75438596491228 0 0 0 0 0 0 0 0 0 0
"ne" 0 0 0 0 0 0 0 0 0 0 0 0 0 0 0 0 0 0 0 2.9126213592233 0 0 0
"nhpolitics" 0 0 0.5859375 0 0 0 0 0 0 0 0 0 0 0 0 0 0 0 0 0 0 0 0
"nv" 0 0 0 0 0 0 0 0 0 0 0 0 0 0 0 0 0 0 0 0 0.8 0.869565217391304 0
"ontherecord" 0 1.13636363636364 0 0.221238938053097 0 0 0 0 0 0 0 0 0 0 0 0 0 0 0 0 0 0 0
"opioidepidemic" 0 0 0 0 0 0 0 0 0 1.35135135135135 0 1.63934426229508 0 0 0 0 0 0 0 0 0 0 0
"paytoplay" 0 0 0 0 0 0.617283950617284 0 0 0 0 0 0 0 0 0 0 0 0 0 0 0 0 0
"peaceofficersmemorialday" 0 0 0 0 0 0 0 1.0989010989011 0 0 0 1.63934426229508 0 0 0 1.85185185185185 0 0 0 0 0 0 0
"puertorico" 0 0 0 0 0 0 0 0 0 2.02702702702703 0 0 0 0 0 0 0 0 0 0 0 0 0
"repealandreplace" 0 0 0 0 0 0 2.38095238095238 2.1978021978022 0 0 0 0 0 0 0 0 0 0 0 0 0 0 0
"repealobamacare" 0 0.568181818181818 0 0 0 0.205761316872428 2.38095238095238 0 0 0 0 0 0 0 0 0 0 0 0 0 0 0 0
"righttotry" 0 0 0 0 0 0 0 0 0 0 0 4.91803278688525 0 0 0 0 0 0 0 0 0 0 0
"socialmediasummit" 0 0 0 0 0 0 0 0 0 0 0 0 0 0 0 0 3 0 0 0 0 0 0
"standforouranthem" 0 0 0 0 0 0 0 0 0 2.02702702702703 0 0 0 0 0 0 0 0 0 0 0 0 0
"stopthebias" 0 0 0 0 0 0 0 0 0 0 0 0 3.50877192982456 0 0 1.85185185185185 0 0 0 0 0 0 0
"stopthesteal" 0 0 0 0 0 0 0 0 0 0 0 0 0 0 0 0 0 0 0 0 0 0 27.2727272727273
"taxcutsandjobsact" 0 0 0 0 0 0 0 0 0 0.675675675675676 1.92307692307692 0 1.75438596491228 0 0 0 0 0 0 0 0 0 0
"teamscalise" 0 0 0 0 0 0 0 0 1.35135135135135 0.675675675675676 0 0 0 0 0 0 0 0 0 0 0 0 0
"teamtrump" 0 0 0.5859375 0 0 0 0 0 0 0 0 0 0 0 0 0 0 0 0 0 0 0 0
"throwbackthursday" 0 0 0 0 0.645161290322581 0 0 0 0 0 0 0 0 0 0 0 0 0 0.934579439252336 0 0 0 0
"trumptoday" 0 1.70454545454545 0 0 0 0 0 0 0 0 0 0 0 0 0 0 0 0 0 0 0 0 0
"ussgeraldrford" 0 0 0 0 0 0 0 0 2.02702702702703 0 0 0 0 0 0 0 0 0 0 0 0 0 0
"vfwconvention" 0 0 0 0 0 0 0 0 0 0 0 0 5.26315789473684 0 0 0 0 0 0 0 0 0 0
"wi" 0 0 0 0 0 0 0 0 0 0 0 0 0 0 0 0 0 0 0 0 0 1.30434782608696 0
"al" 0 0 0 0 0 0 0 0 0 0 0 0 0 0 0 0 0 0 0 0 0 0.869565217391304 0
"alconv" 0 0 0 0 0 0 0 0 1.35135135135135 0 0 0 0 0 0 0 0 0 0 0 0 0 0
"americandreamplan" 0 0 0 0 0 0 0 0 0 0 0 0 0 0 0 0 0 0 0 0 0 0.869565217391304 0
"americanpatientsfirst" 0 0 0 0 0 0 0 0 0 0 0 0 1.75438596491228 0.892857142857143 0 0 0 0 0 0 0 0 0
"arizonaprimary" 0 0 0 0.442477876106195 0 0 0 0 0 0 0 0 0 0 0 0 0 0 0 0 0 0 0
"armedforcesday" 0 0 0 0.221238938053097 0 0 0 0 0 0 0 1.63934426229508 0 0 0 0 0 0 0 0 0 0 0
"aseansummit" 0 0 0 0 0 0 0 0 0 1.35135135135135 0 0 0 0 0 0 0 0 0 0 0 0 0
"bastilleday" 0 0 0 0 0 0 0 0 1.35135135135135 0 0 0 0 0 0 0 0 0 0 0 0 0 0
"bebest" 0 0 0 0 0 0 0 0 0 0 0 0 0 0 0 1.85185185185185 0 0 0 0.970873786407767 0 0 0
"benghazi" 0 0 0.1953125 0 0 0.205761316872428 0 0 0 0 0 0 0 0 0 0 0 0 0 0 0 0 0
"boycottmacys" 0 1.13636363636364 0 0 0 0 0 0 0 0 0 0 0 0 0 0 0 0 0 0 0 0 0
"buyamericanhireamerican" 0 0 0 0 0 0 0 2.1978021978022 0 0 0 0 0 0 0 0 0 0 0 0 0 0 0
"cajunnavy" 0 0 0 0 0 0 0 0 0 0.675675675675676 0 0 0 0.892857142857143 0 0 0 0 0 0 0 0 0
"cincodemayo" 0 0 0 0.221238938053097 0 0 0 0 0 0 0 0 0 0 0 0 0 0 0 0.970873786407767 0 0 0
"columbusday" 0 0 0 0 0 0 0 0 0 0.675675675675676 0 0 0 0.892857142857143 0 0 0 0 0 0 0 0 0
"confirmgorsuch" 0 0 0 0 0 0 0 2.1978021978022 0 0 0 0 0 0 0 0 0 0 0 0 0 0 0
"congratspeggy" 0 0 0 0 0 0 0 2.1978021978022 0 0 0 0 0 0 0 0 0 0 0 0 0 0 0
"crippledamerica" 0 1.13636363636364 0 0 0 0 0 0 0 0 0 0 0 0 0 0 0 0 0 0 0 0 0
"days" 0 0 0 0 0 0.205761316872428 0 0 0 0 0 0 1.75438596491228 0 0 0 0 0 0 0 0 0 0
"donothingdemocrats" 0 0 0 0 0 0 0 0 0 0 0 0 0 0 0 0 0 1.28205128205128 0 0.970873786407767 0 0 0
"firststepact" 0 0 0 0 0 0 0 0 0 0 0 0 0 0 5.26315789473684 0 0 0 0 0 0 0 0
"fns" 0 0.568181818181818 0 0.221238938053097 0 0 0 0 0 0 0 0 0 0 0 0 0 0 0 0 0 0 0
"followthemoney" 0 0 0 0 0 0.411522633744856 0 0 0 0 0 0 0 0 0 0 0 0 0 0 0 0 0
"fox" 0 0 0.390625 0 0 0 0 0 0 0 0 0 0 0 0 0 0 0 0 0 0 0 0
"foxnews" 0 0 0.390625 0 0 0 0 0 0 0 0 0 0 0 0 0 0 0 0 0 0 0 0
"fraudnewscnn" 0 0 0 0 0 0 0 0 1.35135135135135 0 0 0 0 0 0 0 0 0 0 0 0 0 0
"freerocky" 0 0 0 0 0 0 0 0 0 0 0 0 0 0 0 0 2 0 0 0 0 0 0
"guard" 0 0 0 0 0 0 0 0 0 0 0 0 0 0 2.63157894736842 0 0 0 0.934579439252336 0 0 0 0
"hanukkah" 0 0 0 0 0 0 2.38095238095238 0 0 0 1.92307692307692 0 0 0 0 0 0 0 0 0 0 0 0
"happyindependenceday" 0 0 0 0 0 0 0 0 1.35135135135135 0 0 0 0 0 0 0 0 0 0 0 0 0 0
"houstonstrong" 0 0 0 0 0 0 0 0 0 0.675675675675676 0 1.63934426229508 0 0 0 0 0 0 0 0 0 0 0
"hr" 0 0 0 0 0 0 0 0 0.675675675675676 0 0 0 0 0 0 0 0 0 0 0 0.8 0 0
"iapolitics" 0 0 0.390625 0 0 0 0 0 0 0 0 0 0 0 0 0 0 0 0 0 0 0 0
"id" 0 0 0 0 0 0 0 0 0 0 0 0 0 0 0 0 0 0 0 0 1.6 0 0
"imwithyoutickets" 0 0 0 0 0.645161290322581 0 0 0 0 0 0 0 0 0 0 0 0 0 0 0 0 0 0
"imwithyouvideo" 0 0 0 0 0.32258064516129 0.205761316872428 0 0 0 0 0 0 0 0 0 0 0 0 0 0 0 0 0
"inaugurationday" 0 0 0 0 0 0 4.76190476190476 0 0 0 0 0 0 0 0 0 0 0 0 0 0 0 0
"irandeal" 2.89855072463768 0 0 0 0 0 0 0 0 0 0 0 0 0 0 0 0 0 0 0 0 0 0
"ivoted" 0 0 0.1953125 0 0 0.205761316872428 0 0 0 0 0 0 0 0 0 0 0 0 0 0 0 0 0
"july" 0 0 0 0 0 0 0 0 0.675675675675676 0 0 0 0 0 0 0 1 0 0 0 0 0 0
"kimmel" 0 0 0.390625 0 0 0 0 0 0 0 0 0 0 0 0 0 0 0 0 0 0 0 0
"ks" 0 0 0 0 0 0 0 0 0 0 0 0 0 0 0 0 0 0 0 0 0 0.869565217391304 0
"lagov" 0 0 0 0 0 0 0 0 0 0 0 0 0 0 0 0 0 2.56410256410256 0 0 0 0 0
"lawenforcementappreciationday" 0 0 0 0 0 0 2.38095238095238 0 0 0 1.92307692307692 0 0 0 0 0 0 0 0 0 0 0 0
"makeamericagreatagaintickets" 0 0 0 0.221238938053097 0 0.205761316872428 0 0 0 0 0 0 0 0 0 0 0 0 0 0 0 0 0
"makeamericagreatagainwatch" 0 0 0.1953125 0.221238938053097 0 0 0 0 0 0 0 0 0 0 0 0 0 0 0 0 0 0 0
"makeamericaworkagain" 0 0 0 0 0.645161290322581 0 0 0 0 0 0 0 0 0 0 0 0 0 0 0 0 0 0
"mediabuzz" 0 1.13636363636364 0 0 0 0 0 0 0 0 0 0 0 0 0 0 0 0 0 0 0 0 0
"mlkday" 0 0 0 0 0 0 0 0 0 0 0 0 0 0 5.26315789473684 0 0 0 0 0 0 0 0
"mnsen" 0 0 0 0 0 0 0 0 0 0 0 0 0 0 0 0 0 0 0 0 0.8 0.434782608695652 0
"mogov" 0 0 0 0 0 0 0 0 0 0 0 0 0 0 0 0 0 0 0 0 0.8 0.434782608695652 0
"nabtu" 0 0 0 0 0 0 0 2.1978021978022 0 0 0 0 0 0 0 0 0 0 0 0 0 0 0
"nationalfarmersday" 0 0 0 0 0 0 0 0 0 0.675675675675676 0 0 0 0.892857142857143 0 0 0 0 0 0 0 0 0
"nationalprayerbreakfast" 0 0 0 0 0 0 0 0 0 0 3.84615384615385 0 0 0 0 0 0 0 0 0 0 0 0
"navybday" 0 0 0 0 0 0 0 0 0 0.675675675675676 0 0 0 0.892857142857143 0 0 0 0 0 0 0 0 0
"neverhillary" 0 0 0 0 0.645161290322581 0 0 0 0 0 0 0 0 0 0 0 0 0 0 0 0 0 0
"nh" 0 0 0 0 0 0 0 0 0 0 0 0 0 0 0 0 0 0 0 0 0.8 0.434782608695652 0
"nm" 0 0 0 0 0 0 0 0 0 0 0 0 0 0 0 0 0 0 0 0 0 0.869565217391304 0
"nosanctuaryforcriminalsact" 0 0 0 0 0 0 0 0 1.35135135135135 0 0 0 0 0 0 0 0 0 0 0 0 0 0
"nyc" 0 1.13636363636364 0 0 0 0 0 0 0 0 0 0 0 0 0 0 0 0 0 0 0 0 0
"nycstrong" 0 0 0 0 0 0 0 0 0 1.35135135135135 0 0 0 0 0 0 0 0 0 0 0 0 0
"nypd" 0 0 0 0 0 0 0 0 0 0 0 0 0 0 0 0 0 0 0 0 1.6 0 0
"opioidcrisis" 0 0 0 0 0 0 0 0 0 0.675675675675676 0 0 0 0 0 1.85185185185185 0 0 0 0 0 0 0
"osakasummit" 0 0 0 0 0 0 0 0 0 0 0 0 0 0 0 0 2 0 0 0 0 0 0
"paprimary" 0 0 0 0.442477876106195 0 0 0 0 0 0 0 0 0 0 0 0 0 0 0 0 0 0 0
"passthebill" 0 0 0 0 0 0 0 2.1978021978022 0 0 0 0 0 0 0 0 0 0 0 0 0 0 0
"pearlharbor" 0 0 0.1953125 0 0 0 0 0 0 0.675675675675676 0 0 0 0 0 0 0 0 0 0 0 0 0
"policeweek" 0 0 0 0 0 0 0 2.1978021978022 0 0 0 0 0 0 0 0 0 0 0 0 0 0 0
"potusinpoland" 0 0 0 0 0 0 0 0 1.35135135135135 0 0 0 0 0 0 0 0 0 0 0 0 0 0
"ppploan" 0 0 0 0 0 0 0 0 0 0 0 0 0 0 0 0 0 0 0 1.94174757281553 0 0 0
"purpleheartday" 0 0 0 0 0 0 0 0 0.675675675675676 0 0 0 1.75438596491228 0 0 0 0 0 0 0 0 0 0
"rigged" 0 0 0 0 0 0.205761316872428 0 0 0 0 0 0 0 0 0 0 1 0 0 0 0 0 0
"riggedsystem" 0 0 0 0 0.32258064516129 0.205761316872428 0 0 0 0 0 0 0 0 0 0 0 0 0 0 0 0 0
"riprimary" 0 0 0 0.442477876106195 0 0 0 0 0 0 0 0 0 0 0 0 0 0 0 0 0 0 0
"riyadhsummit" 0 0 0 0 0 0 0 2.1978021978022 0 0 0 0 0 0 0 0 0 0 0 0 0 0 0
"rtm" 0 0 0 0 0.32258064516129 0 0 0 0 0 0 0 0 0 0 0 1 0 0 0 0 0 0
"rxsummit" 0 0 0 0 0 0 0 0 0 0 0 0 0 0 0 3.7037037037037 0 0 0 0 0 0 0
"s" 0 0 0 0 0 0 0 1.0989010989011 0 0 0 1.63934426229508 0 0 0 0 0 0 0 0 0 0 0
"schoolchoice" 0 0 0 0 0 0 0 1.0989010989011 0 0 0 0 0 0 0 0 0 0 0 0 0.8 0 0
"secondamendment" 0 0 0 0.221238938053097 0 0.205761316872428 0 0 0 0 0 0 0 0 0 0 0 0 0 0 0 0 0
"shaleinsight" 0 0 0 0 0 0 0 0 0 0 0 0 0 0 0 0 0 2.56410256410256 0 0 0 0 0
"singaporesummit" 0 0 0 0 0 0 0 0 0 0 0 0 3.50877192982456 0 0 0 0 0 0 0 0 0 0
"spygate" 0 0 0 0 0 0 0 0 0 0 0 3.27868852459016 0 0 0 0 0 0 0 0 0 0 0
"stanleycup" 0 0 0 0 0.32258064516129 0 0 0 0 0.675675675675676 0 0 0 0 0 0 0 0 0 0 0 0 0
"superbowl" 0 0 0 0 0 0 4.76190476190476 0 0 0 0 0 0 0 0 0 0 0 0 0 0 0 0
"supersaturday" 0 0 0 0.442477876106195 0 0 0 0 0 0 0 0 0 0 0 0 0 0 0 0 0 0 0
"taxcuts" 0 0 0 0 0 0 0 0 0 0 0 3.27868852459016 0 0 0 0 0 0 0 0 0 0 0
"teamusa" 0 0 0 0 0.32258064516129 0 0 0 0 0.675675675675676 0 0 0 0 0 0 0 0 0 0 0 0 0
"thankavet" 0 0 0.1953125 0 0 0.205761316872428 0 0 0 0 0 0 0 0 0 0 0 0 0 0 0 0 0
"tn" 0 0 0 0 0 0 0 0 0 0 0 0 0 0 0 0 0 0 0 0 0.8 0.434782608695652 0
"trumprallydallas" 0 0 0 0 0 0 0 0 0 0 0 0 0 0 0 0 0 2.56410256410256 0 0 0 0 0
"trumpwon" 0 0 0 0 0 0.411522633744856 0 0 0 0 0 0 0 0 0 0 0 0 0 0 0 0 0
"usnscomfort" 0 0 0 0 0 0 0 0 0 0 0 0 0 0 0 0 0 0 0 1.94174757281553 0 0 0
"ussarizona" 0 0 0 0 0 0 0 0 1.35135135135135 0 0 0 0 0 0 0 0 0 0 0 0 0 0
"ussjohnsmccain" 0 0 0 0 0 0 0 0 1.35135135135135 0 0 0 0 0 0 0 0 0 0 0 0 0 0
"usstatevisit" 0 0 0 0 0 0 0 0 0 0 0 0 0 0 0 0 2 0 0 0 0 0 0
"ussyorktown" 0 0 0.390625 0 0 0 0 0 0 0 0 0 0 0 0 0 0 0 0 0 0 0 0
"usvi" 0 0 0 0 0 0 0 0 0 1.35135135135135 0 0 0 0 0 0 0 0 0 0 0 0 0
"ut" 0 0 0 0 0 0 0 0 0 0 0 0 0 0 0 0 0 0 0 0 0.8 0.434782608695652 0
"utahcaucus" 0 0 0 0.442477876106195 0 0 0 0 0 0 0 0 0 0 0 0 0 0 0 0 0 0 0
"utcaucus" 0 0 0 0.442477876106195 0 0 0 0 0 0 0 0 0 0 0 0 0 0 0 0 0 0 0
"video" 0 0 0 0.442477876106195 0 0 0 0 0 0 0 0 0 0 0 0 0 0 0 0 0 0 0
"votekarenhandel" 0 0 0 0 0 0 0 0 1.35135135135135 0 0 0 0 0 0 0 0 0 0 0 0 0 0
"votetrumpmi" 0 0 0 0.442477876106195 0 0 0 0 0 0 0 0 0 0 0 0 0 0 0 0 0 0 0
"votetrumpny" 0 0 0 0.442477876106195 0 0 0 0 0 0 0 0 0 0 0 0 0 0 0 0 0 0 0
"wa" 0 0 0 0 0 0 0 0 0 0 0 0 0 0 0 0 0 0 0 0 1.6 0 0
"watch" 0 0 0.390625 0 0 0 0 0 0 0 0 0 0 0 0 0 0 0 0 0 0 0 0
"wattersworld" 0 0 0 0.221238938053097 0 0.205761316872428 0 0 0 0 0 0 0 0 0 0 0 0 0 0 0 0 0
"worldautismawarenessday" 0 0 0 0 0 0 0 1.0989010989011 0 0 0 0 0 0 0 1.85185185185185 0 0 0 0 0 0 0
"wv" 0 0 0 0 0 0 0 0 0 0 0 0 0 0 0 0 0 0 0 0 1.6 0 0
"ahca" 0 0 0 0 0 0 0 1.0989010989011 0 0 0 0 0 0 0 0 0 0 0 0 0 0 0
"alconvention" 0 0 0 0 0 0.205761316872428 0 0 0 0 0 0 0 0 0 0 0 0 0 0 0 0 0
"am" 0 0 0.1953125 0 0 0 0 0 0 0 0 0 0 0 0 0 0 0 0 0 0 0 0
"amazon" 0 0 0.1953125 0 0 0 0 0 0 0 0 0 0 0 0 0 0 0 0 0 0 0 0
"amazonwashingtonpost" 0 0 0 0 0 0 0 0 0.675675675675676 0 0 0 0 0 0 0 0 0 0 0 0 0 0
"americafirstvideo" 0 0 0 0 0 0.205761316872428 0 0 0 0 0 0 0 0 0 0 0 0 0 0 0 0 0
"americanheroes" 0 0 0 0 0 0 0 0 0 0 1.92307692307692 0 0 0 0 0 0 0 0 0 0 0 0
"americansamoa" 0 0 0 0.221238938053097 0 0 0 0 0 0 0 0 0 0 0 0 0 0 0 0 0 0 0
"americanunity" 0 0 0 0 0 0.205761316872428 0 0 0 0 0 0 0 0 0 0 0 0 0 0 0 0 0
"americasmerkel" 0 0 0 0 0.32258064516129 0 0 0 0 0 0 0 0 0 0 0 0 0 0 0 0 0 0
"americastrong" 0 0 0 0 0 0 0 0 0 0 0 0 0 0 0 0 0 0 0 0.970873786407767 0 0 0
"americaworkstogether" 0 0 0 0 0 0 0 0 0 0 0 0 0 0 0 0 0 0 0 0.970873786407767 0 0 0
"amvets" 0 0 0 0 0 0 0 0 0 0 0 0 0 0 0 0 1 0 0 0 0 0 0
"armybday" 0 0 0 0 0 0 0 0 0 0 0 0 0 0 0 0 1 0 0 0 0 0 0
"asean" 0 0 0 0 0 0 0 0 0 0.675675675675676 0 0 0 0 0 0 0 0 0 0 0 0 0
"autismawarenessday" 0 0 0 0 0 0 0 0 0 0 0 1.63934426229508 0 0 0 0 0 0 0 0 0 0 0
"balticsummit" 0 0 0 0 0 0 0 0 0 0 0 1.63934426229508 0 0 0 0 0 0 0 0 0 0 0
"becool" 0 0 0.1953125 0 0 0 0 0 0 0 0 0 0 0 0 0 0 0 0 0 0 0 0
"beliversandballots" 0 0 0 0 0 0 0 0 0 0 0 0 0 0 0 0 0 0 0 0 0 0.434782608695652 0
"bidencrimefamiily" 0 0 0 0 0 0 0 0 0 0 0 0 0 0 0 0 0 0 0 0 0 0.434782608695652 0
"bigleagetruth" 0 0 0 0 0 0.205761316872428 0 0 0 0 0 0 0 0 0 0 0 0 0 0 0 0 0
"bigleaguetruthtime" 0 0 0 0 0 0.205761316872428 0 0 0 0 0 0 0 0 0 0 0 0 0 0 0 0 0
"bikersfortrump" 0 0 0.1953125 0 0 0 0 0 0 0 0 0 0 0 0 0 0 0 0 0 0 0 0
"biloxi" 0 0 0.1953125 0 0 0 0 0 0 0 0 0 0 0 0 0 0 0 0 0 0 0 0
"blacksfortrump" 0 0 0 0 0 0 0 0 0 0 0 0 0 0 0 0 1 0 0 0 0 0 0
"blackvoicesfortrump" 0 0 0 0 0 0 0 0 0 0 0 0 0 0 0 0 0 0 0 0.970873786407767 0 0 0
"breaking" 0 0 0 0 0 0 0 0 0 0 0 0 0 0 0 0 1 0 0 0 0 0 0
"broward" 0 0 0 0 0 0 0 0 0 0 0 0 0 0.892857142857143 0 0 0 0 0 0 0 0 0
"brussels" 0 0 0 0.221238938053097 0 0 0 0 0 0 0 0 0 0 0 0 0 0 0 0 0 0 0
"buildingthewall" 0 0 0 0 0 0 0 0 0 0 0 0 0 0 0 0 0 0 0.934579439252336 0 0 0 0
"canada" 0 0 0 0 0 0 0 0 0.675675675675676 0 0 0 0 0 0 0 0 0 0 0 0 0 0
"caprimary" 0 0 0 0 0.32258064516129 0 0 0 0 0 0 0 0 0 0 0 0 0 0 0 0 0 0
"cbnnews" 0 0 0.1953125 0 0 0 0 0 0 0 0 0 0 0 0 0 0 0 0 0 0 0 0
"centuryofservice" 0 0 0 0 0 0 0 0 0 0 0 0 1.75438596491228 0 0 0 0 0 0 0 0 0 0
"ceotownhall" 0 0 0 0 0 0 0 1.0989010989011 0 0 0 0 0 0 0 0 0 0 0 0 0 0 0
"cg" 0 0 0 0 0 0 0 0 0.675675675675676 0 0 0 0 0 0 0 0 0 0 0 0 0 0
"cgacommencement" 0 0 0 0 0 0 0 1.0989010989011 0 0 0 0 0 0 0 0 0 0 0 0 0 0 0
"chagsameach" 0 0 0 0 0 0 0 1.0989010989011 0 0 0 0 0 0 0 0 0 0 0 0 0 0 0
"champs" 0 0 0 0 0 0 0 0 0 0 0 0 0 0 0 0 0 0 0.934579439252336 0 0 0 0
"changethelaws" 0 0 0 0 0 0 0 0 0 0 0 0 1.75438596491228 0 0 0 0 0 0 0 0 0 0
"changetheworldin" 1.44927536231884 0 0 0 0 0 0 0 0 0 0 0 0 0 0 0 0 0 0 0 0 0 0
"charliegard" 0 0 0 0 0 0 0 0 0.675675675675676 0 0 0 0 0 0 0 0 0 0 0 0 0 0
"charlottesville" 0 0 0 0 0 0 0 0 0.675675675675676 0 0 0 0 0 0 0 0 0 0 0 0 0 0
"cheer" 0 0 0 0 0 0 0 0 0 0 0 0 0 0 0 0 1 0 0 0 0 0 0
"chriswallace" 0 0.568181818181818 0 0 0 0 0 0 0 0 0 0 0 0 0 0 0 0 0 0 0 0 0
"circleofenrichment" 0 0 0 0 0 0.205761316872428 0 0 0 0 0 0 0 0 0 0 0 0 0 0 0 0 0
"clementeday" 0 0 0 0 0 0 0 0 0 0 0 0 0 0 0 0 0 0 0 0 0 0.434782608695652 0
"cnbcgopdebate" 0 0.568181818181818 0 0 0 0 0 0 0 0 0 0 0 0 0 0 0 0 0 0 0 0 0
"cnn" 0 0 0.1953125 0 0 0 0 0 0 0 0 0 0 0 0 0 0 0 0 0 0 0 0
"coastguardday" 0 0 0 0 0.32258064516129 0 0 0 0 0 0 0 0 0 0 0 0 0 0 0 0 0 0
"colbert" 0 0 0.1953125 0 0 0 0 0 0 0 0 0 0 0 0 0 0 0 0 0 0 0 0
"commanderinchiefforum" 0 0 0 0 0 0.205761316872428 0 0 0 0 0 0 0 0 0 0 0 0 0 0 0 0 0
"commoncore" 0 0 0.1953125 0 0 0 0 0 0 0 0 0 0 0 0 0 0 0 0 0 0 0 0
"confirmacb" 0 0 0 0 0 0 0 0 0 0 0 0 0 0 0 0 0 0 0 0 0 0.434782608695652 0
"confirmgina" 0 0 0 0 0 0 0 0 0 0 0 1.63934426229508 0 0 0 0 0 0 0 0 0 0 0
"congressionalbaseballgame" 0 0 0 0 0 0 0 0 0.675675675675676 0 0 0 0 0 0 0 0 0 0 0 0 0 0
"congressionalgoldmedal" 0 0 0 0 0 0 0 0 0 0 1.92307692307692 0 0 0 0 0 0 0 0 0 0 0 0
"constitutionday" 0 0 0 0 0 0 0 0 0 0 0 0 0 0 0 0 0 0 0 0 0 0.434782608695652 0
"cosen" 0 0 0 0 0 0 0 0 0 0 0 0 0 0 0 0 0 0 0 0 0.8 0 0
"crookedjournalism" 0 0 0 0 0 0 0 0 0 0 0 0 0 0 0 0 1 0 0 0 0 0 0
"cruzfraud" 0 0 0.1953125 0 0 0 0 0 0 0 0 0 0 0 0 0 0 0 0 0 0 0 0
"ctprimary" 0 0 0 0.221238938053097 0 0 0 0 0 0 0 0 0 0 0 0 0 0 0 0 0 0 0
"davos" 0 0 0 0 0 0 0 0 0 0 1.92307692307692 0 0 0 0 0 0 0 0 0 0 0 0
"daytona" 0 0 0 0 0 0 0 0 0 0 0 0 0 0 0 0 0 0 0.934579439252336 0 0 0 0
"dem" 0 0 0.1953125 0 0 0 0 0 0 0 0 0 0 0 0 0 0 0 0 0 0 0 0
"democratshutdown" 0 0 0 0 0 0 0 0 0 0 1.92307692307692 0 0 0 0 0 0 0 0 0 0 0 0
"deplorables" 0 0 0 0 0 0.205761316872428 0 0 0 0 0 0 0 0 0 0 0 0 0 0 0 0 0
"deprimary" 0 0 0 0.221238938053097 0 0 0 0 0 0 0 0 0 0 0 0 0 0 0 0 0 0 0
"dnc" 0 0 0 0 0.32258064516129 0 0 0 0 0 0 0 0 0 0 0 0 0 0 0 0 0 0
"dobbs" 0 0 0 0 0 0 0 0 0 0.675675675675676 0 0 0 0 0 0 0 0 0 0 0 0 0
"donothingdems" 0 0 0 0 0 0 0 0 0 0 0 0 0 0 0 0 0 1.28205128205128 0 0 0 0 0
"draintheswampwatch" 0 0 0 0 0 0.205761316872428 0 0 0 0 0 0 0 0 0 0 0 0 0 0 0 0 0
"dts" 0 0 0 0 0 0 2.38095238095238 0 0 0 0 0 0 0 0 0 0 0 0 0 0 0 0
"dumpmacys" 0 0.568181818181818 0 0 0 0 0 0 0 0 0 0 0 0 0 0 0 0 0 0 0 0 0
"earlyvote" 0 0 0 0 0 0.205761316872428 0 0 0 0 0 0 0 0 0 0 0 0 0 0 0 0 0
"earnhistory" 0 0 0 0 0 0 0 0 0 0.675675675675676 0 0 0 0 0 0 0 0 0 0 0 0 0
"eauclaire" 0 0 0 0.221238938053097 0 0 0 0 0 0 0 0 0 0 0 0 0 0 0 0 0 0 0
"economicnormalization" 0 0 0 0 0 0 0 0 0 0 0 0 0 0 0 0 0 0 0 0 0 0.434782608695652 0
"economy" 0 0 0.1953125 0 0 0 0 0 0 0 0 0 0 0 0 0 0 0 0 0 0 0 0
"eddiegallagher" 0 0 0 0 0 0 0 0 0 0 0 0 0 0 0 1.85185185185185 0 0 0 0 0 0 0
"emmys" 0 0 0 0 0 0 0 0 0 0 0 0 0 0 2.63157894736842 0 0 0 0 0 0 0 0
"endcommoncore" 0 0 0 0.221238938053097 0 0 0 0 0 0 0 0 0 0 0 0 0 0 0 0 0 0 0
"endendlesswars" 0 0 0 0 0 0 0 0 0 0 0 0 0 0 0 0 0 1.28205128205128 0 0 0 0 0
"endingwaroncoal" 0 0 0 0 0 0 0 0 0 0.675675675675676 0 0 0 0 0 0 0 0 0 0 0 0 0
"enjoy" 0 0 0 0 0.32258064516129 0 0 0 0 0 0 0 0 0 0 0 0 0 0 0 0 0 0
"entersandman" 0 0 0 0 0 0 0 0 0 0 0 0 0 0 2.63157894736842 0 0 0 0 0 0 0 0
"facebooklive" 0 0 0 0 0 0.205761316872428 0 0 0 0 0 0 0 0 0 0 0 0 0 0 0 0 0
"failing" 0 0 0 0 0 0.205761316872428 0 0 0 0 0 0 0 0 0 0 0 0 0 0 0 0 0
"fakenewscnn" 0 0 0 0 0 0 0 0 0 0 0 0 0 0 0 0 0 1.28205128205128 0 0 0 0 0
"fakewhistleblower" 0 0 0 0 0 0 0 0 0 0 0 0 0 0 0 0 0 1.28205128205128 0 0 0 0 0
"falconheavy" 0 0 0 0 0 0 0 0 0 0 1.92307692307692 0 0 0 0 0 0 0 0 0 0 0 0
"farmbill" 0 0 0 0 0 0 0 0 0 0 0 0 0 0.892857142857143 0 0 0 0 0 0 0 0 0
"finishthewall" 0 0 0 0 0 0 0 0 0 0 0 0 0 0 2.63157894736842 0 0 0 0 0 0 0 0
"firstrespondersday" 0 0 0 0 0 0 0 0 0 0.675675675675676 0 0 0 0 0 0 0 0 0 0 0 0 0
"flagday" 0 0 0 0 0 0 0 0 0 0 0 0 1.75438596491228 0 0 0 0 0 0 0 0 0 0
"flagsin" 0 0 0 0 0 0 0 0 0 0 0 0 0 0 0 1.85185185185185 0 0 0 0 0 0 0
"florencehurricane" 0 0 0 0 0 0 0 0 0 0 0 0 0 0.892857142857143 0 0 0 0 0 0 0 0 0
"flyfightwin" 0 0 0 0 0 0 0 0 0 0 0 0 0 0 0 1.85185185185185 0 0 0 0 0 0 0
"fnn" 0 0 0 0 0 0 0 0 0.675675675675676 0 0 0 0 0 0 0 0 0 0 0 0 0 0
"followthemoneyspeech" 0 0 0 0 0 0.205761316872428 0 0 0 0 0 0 0 0 0 0 0 0 0 0 0 0 0
"for" 1.44927536231884 0 0 0 0 0 0 0 0 0 0 0 0 0 0 0 0 0 0 0 0 0 0
"fortifyfl" 0 0 0 0 0 0 0 0 0 0 0 0 0 0.892857142857143 0 0 0 0 0 0 0 0 0
"frozen" 0 0 0 0 0.32258064516129 0 0 0 0 0 0 0 0 0 0 0 0 0 0 0 0 0 0
"gasen" 0 0 0 0 0 0 0 0 0 0 0 0 0 0 0 0 0 0 0 0 0.8 0 0
"geauxtigers" 0 0 0 0 0 0 0 0 0 0 0 0 0 0 0 0 0 0 0.934579439252336 0 0 0 0
"geauxvotepoll" 0 0 0 0 0 0 0 0 0 0 0 0 0 0 0 0 0 1.28205128205128 0 0 0 0 0
"ges" 0 0 0 0 0 0 0 0 0.675675675675676 0 0 0 0 0 0 0 0 0 0 0 0 0 0
"gettingreal" 1.44927536231884 0 0 0 0 0 0 0 0 0 0 0 0 0 0 0 0 0 0 0 0 0 0
"givingtuesday" 0 0 0 0 0 0 0 0 0 0.675675675675676 0 0 0 0 0 0 0 0 0 0 0 0 0
"godblessamerica" 0 0 0 0 0 0 0 0 0 0 0 0 0 0 2.63157894736842 0 0 0 0 0 0 0 0
"goldenglobe" 0 0 0.1953125 0 0 0 0 0 0 0 0 0 0 0 0 0 0 0 0 0 0 0 0
"googletrends" 0 0 0.1953125 0 0 0 0 0 0 0 0 0 0 0 0 0 0 0 0 0 0 0 0
"gop" 0 0.568181818181818 0 0 0 0 0 0 0 0 0 0 0 0 0 0 0 0 0 0 0 0 0
"gopincle" 0 0 0 0 0.32258064516129 0 0 0 0 0 0 0 0 0 0 0 0 0 0 0 0 0 0
"gordon" 0 0 0 0 0 0 0 0 0 0 0 0 0 0.892857142857143 0 0 0 0 0 0 0 0 0
"goteamusa" 0 0 0 0 0 0 0 0 0 0 1.92307692307692 0 0 0 0 0 0 0 0 0 0 0 0
"halloween" 0 0 0 0 0 0 0 0 0 0.675675675675676 0 0 0 0 0 0 0 0 0 0 0 0 0
"hanoisummit" 0 0 0 0 0 0 0 0 0 0 0 0 0 0 2.63157894736842 0 0 0 0 0 0 0 0
"happybirthdaymarines" 0 0 0 0 0 0 0 0 0 0 0 0 0 0 0 0 0 0 0 0 0 0.434782608695652 0
"happydiwali" 0 0 0 0 0 0 0 0 0 0 0 0 0 0 0 0 0 1.28205128205128 0 0 0 0 0
"happyhanukkah" 0 0 0 0 0 0 0 0 0 0 1.92307692307692 0 0 0 0 0 0 0 0 0 0 0 0
"happymothersday" 0 0 0 0.221238938053097 0 0 0 0 0 0 0 0 0 0 0 0 0 0 0 0 0 0 0
"happynewyear" 0 0 0 0 0 0 2.38095238095238 0 0 0 0 0 0 0 0 0 0 0 0 0 0 0 0
"happynewyearamerica" 0 0 0.1953125 0 0 0 0 0 0 0 0 0 0 0 0 0 0 0 0 0 0 0 0
"happythanksgiving" 0 0 0 0 0 0 0 0 0 0.675675675675676 0 0 0 0 0 0 0 0 0 0 0 0 0
"harveypitt" 0 0 0.1953125 0 0 0 0 0 0 0 0 0 0 0 0 0 0 0 0 0 0 0 0
"hbdusaf" 0 0 0 0 0 0 0 0 0 0 0 0 0 0 0 0 0 1.28205128205128 0 0 0 0 0
"healthcarebill" 0 0 0 0 0 0 0 0 0.675675675675676 0 0 0 0 0 0 0 0 0 0 0 0 0 0
"hillarycarefail" 0 0 0 0 0 0.205761316872428 0 0 0 0 0 0 0 0 0 0 0 0 0 0 0 0 0
"hof" 0 0 0 0 0 0 0 0 0 0 0 0 0 0 2.63157894736842 0 0 0 0 0 0 0 0
"holocaustmemorialday" 0 0 0 0 0 0 0 0 0 0 0 0 0 0 2.63157894736842 0 0 0 0 0 0 0 0
"holocaustremembranceday" 0 0 0 0 0 0 0 0 0 0 0 1.63934426229508 0 0 0 0 0 0 0 0 0 0 0
"honor" 0 0 0 0 0 0 0 0 0 0 0 0 0 0 0 0 0 1.28205128205128 0 0 0 0 0
"honorthem" 0 0 0 0 0 0 0 0 0.675675675675676 0 0 0 0 0 0 0 0 0 0 0 0 0 0
"huge" 0 0.568181818181818 0 0 0 0 0 0 0 0 0 0 0 0 0 0 0 0 0 0 0 0 0
"hurricaneirma" 0 0 0 0 0 0 0 0 0 0.675675675675676 0 0 0 0 0 0 0 0 0 0 0 0 0
"hurricanenate" 0 0 0 0 0 0 0 0 0 0.675675675675676 0 0 0 0 0 0 0 0 0 0 0 0 0
"hypocrisy" 0 0 0.1953125 0 0 0 0 0 0 0 0 0 0 0 0 0 0 0 0 0 0 0 0
"iaforums" 0 0.568181818181818 0 0 0 0 0 0 0 0 0 0 0 0 0 0 0 0 0 0 0 0 0
"iasen" 0 0 0 0 0 0 0 0 0 0 0 0 0 0 0 0 0 0 0 0 0.8 0 0
"icaucused" 0 0 0.1953125 0 0 0 0 0 0 0 0 0 0 0 0 0 0 0 0 0 0 0 0
"impeachmentinquisition" 0 0 0 0 0 0 0 0 0 0 0 0 0 0 0 0 0 1.28205128205128 0 0 0 0 0
"impeachmittromney" 0 0 0 0 0 0 0 0 0 0 0 0 0 0 0 0 0 1.28205128205128 0 0 0 0 0
"imwithyoutranscript" 0 0 0 0 0.32258064516129 0 0 0 0 0 0 0 0 0 0 0 0 0 0 0 0 0 0
"indprimary" 0 0 0 0.221238938053097 0 0 0 0 0 0 0 0 0 0 0 0 0 0 0 0 0 0 0
"infrastructureinamerica" 0 0 0 0 0 0 0 0 0 0 0 1.63934426229508 0 0 0 0 0 0 0 0 0 0 0
"infrastructureweek" 0 0 0 0 0 0 0 0 0.675675675675676 0 0 0 0 0 0 0 0 0 0 0 0 0 0
"interdictact" 0 0 0 0 0 0 0 0 0 0 1.92307692307692 0 0 0 0 0 0 0 0 0 0 0 0
"internationalwomensday" 0 0 0 0 0 0 0 0 0 0 0 1.63934426229508 0 0 0 0 0 0 0 0 0 0 0
"iowacaucus" 0 0 0.1953125 0 0 0 0 0 0 0 0 0 0 0 0 0 0 0 0 0 0 0 0
"iran" 1.44927536231884 0 0 0 0 0 0 0 0 0 0 0 0 0 0 0 0 0 0 0 0 0 0
"iranprotests" 0 0 0 0 0 0 0 0 0 0 1.92307692307692 0 0 0 0 0 0 0 0 0 0 0 0
"irfministerial" 0 0 0 0 0 0 0 0 0 0 0 0 1.75438596491228 0 0 0 0 0 0 0 0 0 0
"irmahurricane" 0 0 0 0 0 0 0 0 0 0.675675675675676 0 0 0 0 0 0 0 0 0 0 0 0 0
"jambo" 0 0 0 0 0 0 0 0 0.675675675675676 0 0 0 0 0 0 0 0 0 0 0 0 0 0
"japan" 0 0 0 0 0 0 0 0 0 0.675675675675676 0 0 0 0 0 0 0 0 0 0 0 0 0
"jiatfsouth" 0 0 0 0 0 0 0 0 0 0 0 1.63934426229508 0 0 0 0 0 0 0 0 0 0 0
"jobs" 0 0 0 0 0 0 0 0 0 0 0 0 1.75438596491228 0 0 0 0 0 0 0 0 0 0
"joetheismann" 0 0 0.1953125 0 0 0 0 0 0 0 0 0 0 0 0 0 0 0 0 0 0 0 0
"johnryder" 0 0 0 0.221238938053097 0 0 0 0 0 0 0 0 0 0 0 0 0 0 0 0 0 0 0
"jointaddress" 0 0 0 0 0 0 0 1.0989010989011 0 0 0 0 0 0 0 0 0 0 0 0 0 0 0
"jointsession" 0 0 0 0 0 0 0 1.0989010989011 0 0 0 0 0 0 0 0 0 0 0 0 0 0 0
"juillet" 0 0 0 0 0 0 0 0 0.675675675675676 0 0 0 0 0 0 0 0 0 0 0 0 0 0
"justiceact" 0 0 0 0 0 0 0 0 0 0 0 0 0 0 0 0 0 0 0 0 0.8 0 0
"kansascaucus" 0 0 0 0.221238938053097 0 0 0 0 0 0 0 0 0 0 0 0 0 0 0 0 0 0 0
"kentucky" 0 0 0 0 0 0 0 0 0 0 0 0 0 0 0 0 1 0 0 0 0 0 0
"keystonepipeline" 0 0 0 0 0 0 0 1.0989010989011 0 0 0 0 0 0 0 0 0 0 0 0 0 0 0
"killthevirus" 0 0 0 0 0 0 0 0 0 0 0 0 0 0 0 0 0 0 0 0.970873786407767 0 0 0
"kygov" 0 0 0 0 0 0 0 0 0 0 0 0 0 0 0 0 0 1.28205128205128 0 0 0 0 0
"kysen" 0 0 0 0 0 0 0 0 0 0 0 0 0 0 0 0 0 0 0 0 0.8 0 0
"lambthesham" 0 0 0 0 0 0 0 0 0 0 0 0 1.75438596491228 0 0 0 0 0 0 0 0 0 0
"lasvegasstrong" 0 0 0 0 0 0 0 0 0 0.675675675675676 0 0 0 0 0 0 0 0 0 0 0 0 0
"latinosfortrump" 0 0 0 0 0 0 0 0 0 0 0 0 0 0 0 0 0 0 0 0 0 0.434782608695652 0
"laurence" 0 0 0.1953125 0 0 0 0 0 0 0 0 0 0 0 0 0 0 0 0 0 0 0 0
"laurencetribe" 0 0 0.1953125 0 0 0 0 0 0 0 0 0 0 0 0 0 0 0 0 0 0 0 0
"lawenforcementappreciationdaypresident" 0 0 0 0 0 0 0 0 0 0 1.92307692307692 0 0 0 0 0 0 0 0 0 0 0 0
"leadright" 0 0 0 0 0.32258064516129 0 0 0 0 0 0 0 0 0 0 0 0 0 0 0 0 0 0
"leo" 0 0.568181818181818 0 0 0 0 0 0 0 0 0 0 0 0 0 0 0 0 0 0 0 0 0
"leos" 0 0 0 0 0 0 0 0 0 0.675675675675676 0 0 0 0 0 0 0 0 0 0 0 0 0
"lesmharrisburg" 0 0 0 0 0 0 0 0 0.675675675675676 0 0 0 0 0 0 0 0 0 0 0 0 0 0
"letsmakeamericagreatagain" 1.44927536231884 0 0 0 0 0 0 0 0 0 0 0 0 0 0 0 0 0 0 0 0 0 0
"life" 0 0 0.1953125 0 0 0 0 0 0 0 0 0 0 0 0 0 0 0 0 0 0 0 0
"lightitupblue" 0 0 0 0 0 0 0 0 0 0 0 1.63934426229508 0 0 0 0 0 0 0 0 0 0 0
"lightweightsenatormarcorubio" 0 0 0 0.221238938053097 0 0 0 0 0 0 0 0 0 0 0 0 0 0 0 0 0 0 0
"littlemarco" 0 0 0 0.221238938053097 0 0 0 0 0 0 0 0 0 0 0 0 0 0 0 0 0 0 0
"liub" 0 0 0 0 0 0 0 1.0989010989011 0 0 0 0 0 0 0 0 0 0 0 0 0 0 0
"lovesaveslives" 0 0 0 0 0 0 0 0 0 0 1.92307692307692 0 0 0 0 0 0 0 0 0 0 0 0
"lssc" 0 0 0.1953125 0 0 0 0 0 0 0 0 0 0 0 0 0 0 0 0 0 0 0 0
"madeintheusa" 0 0 0 0 0 0 0 1.0989010989011 0 0 0 0 0 0 0 0 0 0 0 0 0 0 0
"magachallenge" 0 0 0 0 0 0 0 0 0 0 0 0 0 0 0 0 0 1.28205128205128 0 0 0 0 0
"magakag" 0 0 0 0 0 0 0 0 0 0 0 0 0 0 0 0 0 0 0.934579439252336 0 0 0 0
"magarasmussen" 0 0 0 0 0 0.205761316872428 0 0 0 0 0 0 0 0 0 0 0 0 0 0 0 0 0
"magatoday" 0 0 0 0 0 0.205761316872428 0 0 0 0 0 0 0 0 0 0 0 0 0 0 0 0 0
"maitnerstrong" 0 0 0.1953125 0 0 0 0 0 0 0 0 0 0 0 0 0 0 0 0 0 0 0 0
"makeamerciagreatagain" 0 0.568181818181818 0 0 0 0 0 0 0 0 0 0 0 0 0 0 0 0 0 0 0 0 0
"makeamericagreatagainsign" 0 0 0 0 0 0.205761316872428 0 0 0 0 0 0 0 0 0 0 0 0 0 0 0 0 0
"makeamericagreatagainvideo" 0 0 0 0.221238938053097 0 0 0 0 0 0 0 0 0 0 0 0 0 0 0 0 0 0 0
"makeamericasmilitarygreatagain" 0 0.568181818181818 0 0 0 0 0 0 0 0 0 0 0 0 0 0 0 0 0 0 0 0 0
"makeamericastrongagain" 0 0 0 0 0 0.205761316872428 0 0 0 0 0 0 0 0 0 0 0 0 0 0 0 0 0
"makeyoutubegreatagain" 0 0 0.1953125 0 0 0 0 0 0 0 0 0 0 0 0 0 0 0 0 0 0 0 0
"maralago" 0 0 0.1953125 0 0 0 0 0 0 0 0 0 0 0 0 0 0 0 0 0 0 0 0
"march" 0 0 0 0.221238938053097 0 0 0 0 0 0 0 0 0 0 0 0 0 0 0 0 0 0 0
"marineone" 0 0 0 0 0 0 2.38095238095238 0 0 0 0 0 0 0 0 0 0 0 0 0 0 0 0
"md" 0 0 0 0 0 0 0 0 0 0 0 0 0 0 0 0 0 0 0 0 0.8 0 0
"mdprimary" 0 0 0 0.221238938053097 0 0 0 0 0 0 0 0 0 0 0 0 0 0 0 0 0 0 0
"mdw" 0 0 0 0.221238938053097 0 0 0 0 0 0 0 0 0 0 0 0 0 0 0 0 0 0 0
"me" 0 0 0 0 0 0 0 0 0 0 0 0 0 0 0 0 0 0 0 0 0 0.434782608695652 0
"medalofhonor" 0 0 0 0 0 0 0 0 0 0 0 1.63934426229508 0 0 0 0 0 0 0 0 0 0 0
"media" 0 0.568181818181818 0 0 0 0 0 0 0 0 0 0 0 0 0 0 0 0 0 0 0 0 0
"mediafraud" 0 0 0 0.221238938053097 0 0 0 0 0 0 0 0 0 0 0 0 0 0 0 0 0 0 0
"merrychristmas" 0 0 0 0 0 0 2.38095238095238 0 0 0 0 0 0 0 0 0 0 0 0 0 0 0 0
"mississippi" 0 0 0.1953125 0 0 0 0 0 0 0 0 0 0 0 0 0 0 0 0 0 0 0 0
"mlk" 0 0 0 0 0 0 0 0 0 0 0 1.63934426229508 0 0 0 0 0 0 0 0 0 0 0
"moag" 0 0 0 0 0 0 0 0 0 0 0 0 0 0 0 0 0 0 0 0 0 0.434782608695652 0
"moh" 0 0 0 0 0 0 0 0 0 0 0 0 0 0 0 0 1 0 0 0 0 0 0
"momentofhonor" 0 0 0 0 0 0 0 0 0 0 0 0 0 0 0 0 0 0 0 0.970873786407767 0 0 0
"mothersday" 0 0 0 0 0 0 0 1.0989010989011 0 0 0 0 0 0 0 0 0 0 0 0 0 0 0
"msgov" 0 0 0 0 0 0 0 0 0 0 0 0 0 0 0 0 0 1.28205128205128 0 0 0 0 0
"mssen" 0 0 0 0 0 0 0 0 0 0 0 0 0 0 0 0 0 0 0 0 0 0.434782608695652 0
"mtgov" 0 0 0 0 0 0 0 0 0 0 0 0 0 0 0 0 0 0 0 0 0 0.434782608695652 0
"mtsen" 0 0 0 0 0 0 0 0 0 0 0 0 0 0 0 0 0 0 0 0 0.8 0 0
"nascar" 0 0 0 0.221238938053097 0 0 0 0 0 0 0 0 0 0 0 0 0 0 0 0 0 0 0
"nasdaq" 0 0 0 0 0 0 0 0 0.675675675675676 0 0 0 0 0 0 0 0 0 0 0 0 0 0
"nationalagday" 0 0 0 0 0 0 0 1.0989010989011 0 0 0 0 0 0 0 0 0 0 0 0 0 0 0
"nationalagricultureday" 0 0 0 0 0 0 0 0 0 0 0 1.63934426229508 0 0 0 0 0 0 0 0 0 0 0
"nationalassembly" 0 0 0 0 0 0 0 0 0 0.675675675675676 0 0 0 0 0 0 0 0 0 0 0 0 0
"nationalautismawarenessmonth" 0 0 0 0 0 0 0 0 0 0 0 0 0 0 0 1.85185185185185 0 0 0 0 0 0 0
"nationalchampions" 0 0 0 0 0 0 0 0 0.675675675675676 0 0 0 0 0 0 0 0 0 0 0 0 0 0
"nationaldoctorsday" 0 0 0 0 0 0 0 0 0 0 0 0 0 0 0 0 0 0 0 0.970873786407767 0 0 0
"nationalpoliceweekwatch" 0 0 0 0 0 0 0 1.0989010989011 0 0 0 0 0 0 0 0 0 0 0 0 0 0 0
"nationalteacherday" 0 0 0 0 0 0 0 0 0 0 0 0 0 0 0 0 0 0 0 0.970873786407767 0 0 0
"nationalvoterregistrationday" 0 0 0 0 0 0 0 0 0 0 0 0 0 0 0 0 0 0 0 0 0 0.434782608695652 0
"natolondon" 0 0 0 0 0 0 0 0 0 0 0 0 0 0 0 0 0 0 0.934579439252336 0 0 0 0
"natomeeting" 0 0 0 0 0 0 0 1.0989010989011 0 0 0 0 0 0 0 0 0 0 0 0 0 0 0
"natosummit" 0 0 0 0 0 0 0 0 0 0 0 0 1.75438596491228 0 0 0 0 0 0 0 0 0 0
"navy" 0 0 0 0 0 0 0 0 0 0 0 0 0 0 0 0 0 0 0 0 0 0.434782608695652 0
"ncaachampions" 0 0 0 0 0 0 0 0 0 0.675675675675676 0 0 0 0 0 0 0 0 0 0 0 0 0
"ncgopconvention" 1.44927536231884 0 0 0 0 0 0 0 0 0 0 0 0 0 0 0 0 0 0 0 0 0 0
"nctl" 0 0 0 0 0 0 0 0 0 0 0 0 0 0.892857142857143 0 0 0 0 0 0 0 0 0
"ndaa" 0 0 0 0 0 0 0 0 0 0 0 0 0 0 0 0 0 0 0 0 0 0 9.09090909090909
"ndgov" 0 0 0 0 0 0 0 0 0 0 0 0 0 0 0 0 0 0 0 0 0.8 0 0
"ndsen" 0 0 0 0 0 0 0 0 0 0 0 0 1.75438596491228 0 0 0 0 0 0 0 0 0 0
"neprimary" 0 0 0 0.221238938053097 0 0 0 0 0 0 0 0 0 0 0 0 0 0 0 0 0 0 0
"neveragain" 0 0 0 0 0 0 0 0 0 0 0 1.63934426229508 0 0 0 0 0 0 0 0 0 0 0
"nevertrump" 0 0 0 0 0.32258064516129 0 0 0 0 0 0 0 0 0 0 0 0 0 0 0 0 0 0
"newhampshire" 0 0 0.1953125 0 0 0 0 0 0 0 0 0 0 0 0 0 0 0 0 0 0 0 0
"newhoaxsameswamp" 0 0 0 0 0 0 0 0 0 0 0 0 0 0 0 0 0 1.28205128205128 0 0 0 0 0
"newyorkvaluesin" 0 0 0 0.221238938053097 0 0 0 0 0 0 0 0 0 0 0 0 0 0 0 0 0 0 0
"nfib" 0 0 0 0 0 0 0 0 0 0 0 0 1.75438596491228 0 0 0 0 0 0 0 0 0 0
"nhsen" 0 0 0 0 0 0 0 0 0 0 0 0 0 0 0 0 0 0 0 0 0.8 0 0
"nj" 0 0 0 0 0 0 0 0 0 0 0 0 0 0 0 0 0 0 0 0 0 0.434782608695652 0
"nosanctuaryforcriminalsactstatement" 0 0 0 0 0 0 0 0 0.675675675675676 0 0 0 0 0 0 0 0 0 0 0 0 0 0
"november" 0 0 0 0 0 0.205761316872428 0 0 0 0 0 0 0 0 0 0 0 0 0 0 0 0 0
"nraam" 0 0 0 0 0 0 0 0 0 0 0 0 0 0 0 1.85185185185185 0 0 0 0 0 0 0
"nyprimarytickets" 0 0 0 0.221238938053097 0 0 0 0 0 0 0 0 0 0 0 0 0 0 0 0 0 0 0
"obamacarefailed" 0 0 0 0 0 0.205761316872428 0 0 0 0 0 0 0 0 0 0 0 0 0 0 0 0 0
"obamacareinthreewords" 0 0 0 0 0 0.205761316872428 0 0 0 0 0 0 0 0 0 0 0 0 0 0 0 0 0
"obamagate" 0 0 0 0 0 0 0 0 0 0 0 0 0 0 0 0 0 0 0 0.970873786407767 0 0 0
"ocarenightmare" 0 0 0 0 0 0 0 0 0.675675675675676 0 0 0 0 0 0 0 0 0 0 0 0 0 0
"oh" 0 0 0 0 0 0 0 0 0 0 0 0 0 0 0 0 0 0 0 0 0.8 0 0
"ohiovotesearly" 0 0 0 0 0 0.205761316872428 0 0 0 0 0 0 0 0 0 0 0 0 0 0 0 0 0
"oksen" 0 0 0 0 0 0 0 0 0 0 0 0 0 0 0 0 0 0 0 0 0.8 0 0
"olympics" 0 0 0 0 0 0 0 0 0 0 1.92307692307692 0 0 0 0 0 0 0 0 0 0 0 0
"on" 0 0 0 0 0 0 0 0 0 0 1.92307692307692 0 0 0 0 0 0 0 0 0 0 0 0
"oneamericaappeal" 0 0 0 0 0 0 0 0 0 0.675675675675676 0 0 0 0 0 0 0 0 0 0 0 0 0
"openingceremony" 0 0 0 0 0.32258064516129 0 0 0 0 0 0 0 0 0 0 0 0 0 0 0 0 0 0
"openjoecoldcase" 0 0 0 0 0 0 0 0 0 0 0 0 0 0 0 0 0 0 0 0.970873786407767 0 0 0
"operationladyjustice" 0 0 0 0 0 0 0 0 0 0 0 0 0 0 0 0 0 0 0 0 0 0.434782608695652 0
"opportunitynow" 0 0 0 0 0 0 0 0 0 0 0 0 0 0 0 0 0 0 0.934579439252336 0 0 0 0
"or" 0 0 0 0 0 0 0 0 0 0 0 0 0 0 0 0 0 0 0 0 0 0.434782608695652 0
"orprimary" 0 0 0 0.221238938053097 0 0 0 0 0 0 0 0 0 0 0 0 0 0 0 0 0 0 0
"overturn" 0 0 0 0 0 0 0 0 0 0 0 0 0 0 0 0 0 0 0 0 0 0 9.09090909090909
"pearlharborremembranceday" 0 0 0 0 0 0 0 0 0 0 1.92307692307692 0 0 0 0 0 0 0 0 0 0 0 0
"perkinscte" 0 0 0 0 0 0 0 0 0 0 0 0 1.75438596491228 0 0 0 0 0 0 0 0 0 0
"phoenixrally" 0 0 0 0 0 0 0 0 0.675675675675676 0 0 0 0 0 0 0 0 0 0 0 0 0 0
"planahead" 0 0 0 0 0 0 0 0 0.675675675675676 0 0 0 0 0 0 0 0 0 0 0 0 0 0
"pledgetoamericasworkers" 0 0 0 0 0 0 0 0 0 0 0 0 1.75438596491228 0 0 0 0 0 0 0 0 0 0
"pm" 0 0 0 0 0.32258064516129 0 0 0 0 0 0 0 0 0 0 0 0 0 0 0 0 0 0
"politicallycorrect" 0 0 0.1953125 0 0 0 0 0 0 0 0 0 0 0 0 0 0 0 0 0 0 0 0
"potusinasia" 0 0 0 0 0 0 0 0 0 0.675675675675676 0 0 0 0 0 0 0 0 0 0 0 0 0
"potusinjapan" 0 0 0 0 0 0 0 0 0 0 0 0 0 0 0 1.85185185185185 0 0 0 0 0 0 0
"prayfornashville" 0 0 0 0 0 0 0 0 0 0 0 0 0 0 0 0 0 0 0 0.970873786407767 0 0 0
"prayfortexas" 0 0 0 0 0 0 0 0 0 0.675675675675676 0 0 0 0 0 0 0 0 0 0 0 0 0
"prayingforryan" 0 0 0 0 0 0 0 0 0 0 0 0 0 0 0 0 0 0 0.934579439252336 0 0 0 0
"presidenttrump" 0 0 0 0 0 0 0 0 0 0 0 0 0 0 2.63157894736842 0 0 0 0 0 0 0 0
"primaryday" 0 0 0 0.221238938053097 0 0 0 0 0 0 0 0 0 0 0 0 0 0 0 0 0 0 0
"prisonreform" 0 0 0 0 0 0 0 0 0 0 0 1.63934426229508 0 0 0 0 0 0 0 0 0 0 0
"promisesmadepromiseskept" 0 0 0 0 0 0 0 0 0 0 0 0 0 0 0 0 0 0 0.934579439252336 0 0 0 0
"protectkavanaugh" 0 0 0 0 0 0 0 0 0 0 0 0 0 0 0 0 0 1.28205128205128 0 0 0 0 0
"prouddeplorable" 0 0 0 0 0 0 0 0 0 0 0 0 0 0.892857142857143 0 0 0 0 0 0 0 0 0
"pulsenightclub" 0 0 0 0 0 0 0 0 0.675675675675676 0 0 0 0 0 0 0 0 0 0 0 0 0 0
"racine" 0 0 0 0.221238938053097 0 0 0 0 0 0 0 0 0 0 0 0 0 0 0 0 0 0 0
"raiseact" 0 0 0 0 0 0 0 0 0.675675675675676 0 0 0 0 0 0 0 0 0 0 0 0 0 0
"rallyforriley" 0 0 0 0 0 0.205761316872428 0 0 0 0 0 0 0 0 0 0 0 0 0 0 0 0 0
"rattledhillary" 0 0 0 0 0 0.205761316872428 0 0 0 0 0 0 0 0 0 0 0 0 0 0 0 0 0
"readthebill" 0 0 0 0 0 0 0 1.0989010989011 0 0 0 0 0 0 0 0 0 0 0 0 0 0 0
"religiousfreedom" 0 0 0 0 0 0 0 0 0 0 0 0 1.75438596491228 0 0 0 0 0 0 0 0 0 0
"remembering" 0 0 0 0 0 0 0 0 0 0 0 0 0 0 2.63157894736842 0 0 0 0 0 0 0 0
"rememberourvets" 0 0 0.1953125 0 0 0 0 0 0 0 0 0 0 0 0 0 0 0 0 0 0 0 0
"repmikekelly" 0 0 0 0.221238938053097 0 0 0 0 0 0 0 0 0 0 0 0 0 0 0 0 0 0 0
"retire" 0 0 0 0 0 0 0 0 0 0 0 0 0 0 0 0 0 0 0 0 0 0.434782608695652 0
"riggedelection" 0 0 0 0 0 0 0 0 0 0 0 0 0 0 0 0 0 0 0 0 0.8 0 0
"rio" 0 0 0 0 0.32258064516129 0 0 0 0 0 0 0 0 0 0 0 0 0 0 0 0 0 0
"ripcharliedaniels" 0 0 0 0 0 0 0 0 0 0 0 0 0 0 0 0 0 0 0 0 0.8 0 0
"ripevelyn" 0 0 0 0 0 0 0 0 0 0 0 0 0 0.892857142857143 0 0 0 0 0 0 0 0 0
"rnc" 0 0 0 0 0 0 0 0 0 0 0 0 0 0 0 0 0 0 0 0 0.8 0 0
"robotrubio" 0 0 0.1953125 0 0 0 0 0 0 0 0 0 0 0 0 0 0 0 0 0 0 0 0
"rogerstone" 0 0 0.1953125 0 0 0 0 0 0 0 0 0 0 0 0 0 0 0 0 0 0 0 0
"rollingtoremember" 0 0 0 0 0 0 0 0 0 0 0 0 0 0 0 0 0 0 0 0.970873786407767 0 0 0
"rolltide" 0 0 0 0 0 0 0 0 0 0 0 1.63934426229508 0 0 0 0 0 0 0 0 0 0 0
"roshhashanah" 0 0 0 0 0 0 0 0 0 0 0 0 0 0 0 0 0 0 0 0 0 0.434782608695652 0
"rt" 0 0 0 0 0 0 0 0 0 0 0 0 0 0 0 0 0 1.28205128205128 0 0 0 0 0
"ruralprosperity" 0 0 0 0 0 0 0 0 0 0 0 0 0 0 0 0 0 0 0.934579439252336 0 0 0 0
"salute" 0 0 0 0 0 0 0 0 0 0 0 0 0 0 0 0 0 0 0 0 0.8 0 0
"saveamericanlives" 0 0 0 0 0 0 0 0 0.675675675675676 0 0 0 0 0 0 0 0 0 0 0 0 0 0
"savenyc" 0 0 0 0 0 0 0 0 0 0 0 0 0 0 0 0 0 0 0 0 0.8 0 0
"sb" 0 0 0.1953125 0 0 0 0 0 0 0 0 0 0 0 0 0 0 0 0 0 0 0 0
"sbagala" 0 0 0 0 0 0 0 0 0 0 0 1.63934426229508 0 0 0 0 0 0 0 0 0 0 0
"schoolchoicenow" 0 0 0 0 0 0 0 0 0 0 0 0 0 0 0 0 0 0 0 0 0.8 0 0
"schumershutdown" 0 0 0 0 0 0 0 0 0 0 0 0 0 0 2.63157894736842 0 0 0 0 0 0 0 0
"sdal" 0 0 0 0 0 0 0 0 0 0 0 0 0 0 0 0 0 0 0 0 0.8 0 0
"sdsen" 0 0 0 0 0 0 0 0 0 0 0 0 0 0 0 0 0 0 0 0 0.8 0 0
"semperfi" 0 0 0 0 0 0 0 0 0 0.675675675675676 0 0 0 0 0 0 0 0 0 0 0 0 0
"semperfidelis" 0 0 0 0 0 0 0 0 0 0 0 0 0 0 0 0 0 0 0 0 0.8 0 0
"shiftyschiff" 0 0 0 0 0 0 0 0 0 0 0 0 0 0 0 0 1 0 0 0 0 0 0
"shopsmall" 0 0 0 0 0 0 0 0 0 0.675675675675676 0 0 0 0 0 0 0 0 0 0 0 0 0
"silentmajority" 1.44927536231884 0 0 0 0 0 0 0 0 0 0 0 0 0 0 0 0 0 0 0 0 0 0
"smallbiz" 0 0 0 0 0 0 0 0 0 0.675675675675676 0 0 0 0 0 0 0 0 0 0 0 0 0
"smallbusinesssaturday" 0 0 0 0 0 0 0 0 0 0.675675675675676 0 0 0 0 0 0 0 0 0 0 0 0 0
"snhuarena" 0 0 0 0 0 0 0 0 0 0 0 0 0 0 0 0 1 0 0 0 0 0 0
"snl" 0 0.568181818181818 0 0 0 0 0 0 0 0 0 0 0 0 0 0 0 0 0 0 0 0 0
"snowflakegardenbrunch" 0 0 0.1953125 0 0 0 0 0 0 0 0 0 0 0 0 0 0 0 0 0 0 0 0
"soldierridedc" 0 0 0 0 0 0 0 1.0989010989011 0 0 0 0 0 0 0 0 0 0 0 0 0 0 0
"soundcloud" 0 0 0 0 0 0 0 0 0 0 0 0 0 0 0 0 1 0 0 0 0 0 0
"southernbaptist" 0 0 0 0 0 0 0 0 0 0.675675675675676 0 0 0 0 0 0 0 0 0 0 0 0 0
"specialsession" 0 0 0 0 0 0 0 0 0 0 0 0 0 0 0 0 0 0 0 0 0 0 9.09090909090909
"standwithlouisiana" 0 0 0 0 0.32258064516129 0 0 0 0 0 0 0 0 0 0 0 0 0 0 0 0 0 0
"statedinner" 0 0 0 0 0 0 0 0 0 0 0 0 1.75438596491228 0 0 0 0 0 0 0 0 0 0
"stlblues" 0 0 0 0 0 0 0 0 0 0 0 0 0 0 0 0 0 1.28205128205128 0 0 0 0 0
"stopcommoncore" 0 0 0.1953125 0 0 0 0 0 0 0 0 0 0 0 0 0 0 0 0 0 0 0 0
"stopexecutionsiniran" 0 0 0 0 0 0 0 0 0 0 0 0 0 0 0 0 0 0 0 0 0.8 0 0
"stopirandeal" 0 0.568181818181818 0 0 0 0 0 0 0 0 0 0 0 0 0 0 0 0 0 0 0 0 0
"stopthecoup" 0 0 0 0 0 0 0 0 0 0 0 0 0 0 0 0 0 1.28205128205128 0 0 0 0 0
"stpatricksday" 0 0 0 0 0 0 0 0 0 0 0 1.63934426229508 0 0 0 0 0 0 0 0 0 0 0
"success" 0 0 0 0 0 0 0 0 0 0 0 1.63934426229508 0 0 0 0 0 0 0 0 0 0 0
"superbowlsunday" 0 0 0.1953125 0 0 0 0 0 0 0 0 0 0 0 0 0 0 0 0 0 0 0 0
"supremecourt" 0 0 0 0 0 0 0 0 0 0 0 0 0 0 0 0 0 0 0 0 0 0 9.09090909090909
"syrianrefugees" 0 0.568181818181818 0 0 0 0 0 0 0 0 0 0 0 0 0 0 0 0 0 0 0 0 0
"t" 0 0 0 0 0 0 0 0 0 0 0 0 0 0 0 1.85185185185185 0 0 0 0 0 0 0
"takebackthehouse" 0 0 0 0 0 0 0 0 0 0 0 0 0 0 2.63157894736842 0 0 0 0 0 0 0 0
"taormina" 0 0 0 0 0 0 0 1.0989010989011 0 0 0 0 0 0 0 0 0 0 0 0 0 0 0
"tarc" 0 0 0 0 0 0 0 1.0989010989011 0 0 0 0 0 0 0 0 0 0 0 0 0 0 0
"tcot" 1.44927536231884 0 0 0 0 0 0 0 0 0 0 0 0 0 0 0 0 0 0 0 0 0 0
"teamwork" 0 0 0 0 0 0 0 0 0 0 0 0 0 0 0 0 0 0 0 0.970873786407767 0 0 0
"ted" 0 0 0.1953125 0 0 0 0 0 0 0 0 0 0 0 0 0 0 0 0 0 0 0 0
"tedcruz" 0 0 0.1953125 0 0 0 0 0 0 0 0 0 0 0 0 0 0 0 0 0 0 0 0
"texasstrong" 0 0 0 0 0 0 0 0 0.675675675675676 0 0 0 0 0 0 0 0 0 0 0 0 0 0
"texttrump" 0 0 0 0 0.32258064516129 0 0 0 0 0 0 0 0 0 0 0 0 0 0 0 0 0 0
"thankafirefighter" 0 0 0 0 0 0 0 0 0 0 0 0 0 0 0 1.85185185185185 0 0 0 0 0 0 0
"thankatrucker" 0 0 0 0 0 0 0 0 0 0 0 0 0 0 0 0 0 0 0 0.970873786407767 0 0 0
"thankaveteran" 0 0 0 0 0 0 0 1.0989010989011 0 0 0 0 0 0 0 0 0 0 0 0 0 0 0
"thanksfordelivering" 0 0 0 0 0 0 0 0 0 0 0 0 0 0 0 0 0 0 0 0.970873786407767 0 0 0
"thefive" 0 0 0 0 0 0 0 0 0 0 0 0 0 0 0 0 0 1.28205128205128 0 0 0 0 0
"theplatinumplan" 0 0 0 0 0 0 0 0 0 0 0 0 0 0 0 0 0 0 0 0 0 0.434782608695652 0
"theremembranceproject" 0 0 0.1953125 0 0 0 0 0 0 0 0 0 0 0 0 0 0 0 0 0 0 0 0
"torontostrong" 0 0 0 0 0 0 0 0 0 0 0 1.63934426229508 0 0 0 0 0 0 0 0 0 0 0
"tpp" 0 0 0 0 0 0.205761316872428 0 0 0 0 0 0 0 0 0 0 0 0 0 0 0 0 0
"transparency" 0 0 0 0 0 0 0 0 0 0 0 0 0 0 0 0 0 0 0 0 0 0 9.09090909090909
"troublemakers" 0 0 0 0 0 0 0 0 0 0 0 0 0 0.892857142857143 0 0 0 0 0 0 0 0 0
"truckers" 0 0 0 0 0 0 0 0 0 0 0 0 0 0 0 0 0 0 0 0 0 0.434782608695652 0
"trumpatrjc" 0 0 0 0 0 0 0 0 0 0 0 0 0 0 0 1.85185185185185 0 0 0 0 0 0 0
"trumpinstagram" 0 0 0.1953125 0 0 0 0 0 0 0 0 0 0 0 0 0 0 0 0 0 0 0 0
"trumpiswithyou" 0 0 0 0 0.32258064516129 0 0 0 0 0 0 0 0 0 0 0 0 0 0 0 0 0 0
"trumpmilwaukeerally" 0 0 0 0 0 0 0 0 0 0 0 0 0 0 0 0 0 0 0.934579439252336 0 0 0 0
"trumpminneapolis" 0 0 0 0 0 0 0 0 0 0 0 0 0 0 0 0 0 1.28205128205128 0 0 0 0 0
"trumponomics" 0 0 0 0 0 0 0 0 0 0 0 0 0 0.892857142857143 0 0 0 0 0 0 0 0 0
"trumprallyal" 1.44927536231884 0 0 0 0 0 0 0 0 0 0 0 0 0 0 0 0 0 0 0 0 0 0
"trumprallynj" 0 0 0 0 0 0 0 0 0 0 0 0 0 0 0 0 0 0 0.934579439252336 0 0 0 0
"trumprallytickets" 0 0 0 0 0 0.205761316872428 0 0 0 0 0 0 0 0 0 0 0 0 0 0 0 0 0
"trumptime" 0 0 0 0 0 0 0 0 0 0 0 0 0 0.892857142857143 0 0 0 0 0 0 0 0 0
"trumptower" 0 0.568181818181818 0 0 0 0 0 0 0 0 0 0 0 0 0 0 0 0 0 0 0 0 0
"trumptowerny" 0 0.568181818181818 0 0 0 0 0 0 0 0 0 0 0 0 0 0 0 0 0 0 0 0 0
"trumptowernyc" 0 0.568181818181818 0 0 0 0 0 0 0 0 0 0 0 0 0 0 0 0 0 0 0 0 0
"trumptraintickets" 0 0 0 0.221238938053097 0 0 0 0 0 0 0 0 0 0 0 0 0 0 0 0 0 0 0
"trumpvlog" 1.44927536231884 0 0 0 0 0 0 0 0 0 0 0 0 0 0 0 0 0 0 0 0 0 0
"tump" 0 0 0.1953125 0 0 0 0 0 0 0 0 0 0 0 0 0 0 0 0 0 0 0 0
"ungafull" 0 0 0 0 0 0 0 0 0 0.675675675675676 0 0 0 0 0 0 0 0 0 0 0 0 0
"unifying" 0 0 0.1953125 0 0 0 0 0 0 0 0 0 0 0 0 0 0 0 0 0 0 0 0
"unleashingamericanenergy" 0 0 0 0 0 0 0 0 0.675675675675676 0 0 0 0 0 0 0 0 0 0 0 0 0 0
"usaf" 0 0 0 0 0 0 0 0 0 0 0 0 0 0 0 0 0 0 0 0 0 0.434782608695652 0
"usembassyjerusalem" 0 0 0 0 0 0 0 0 0 0 0 1.63934426229508 0 0 0 0 0 0 0 0 0 0 0
"usmc" 0 0 0 0 0 0 0 0 0 0.675675675675676 0 0 0 0 0 0 0 0 0 0 0 0 0
"usmcanow" 0 0 0 0 0 0 0 0 0 0 0 0 0 0 0 0 1 0 0 0 0 0 0
"ussboxer" 0 0 0 0 0 0 0 0 0 0 0 0 0 0 0 0 1 0 0 0 0 0 0
"ussfitzgerald" 0 0 0 0 0 0 0 0 0.675675675675676 0 0 0 0 0 0 0 0 0 0 0 0 0 0
"ussjohnfinn" 0 0 0 0 0 0 0 0 0.675675675675676 0 0 0 0 0 0 0 0 0 0 0 0 0 0
"vaaccountability" 0 0 0 0 0 0 0 0 0.675675675675676 0 0 0 0 0 0 0 0 0 0 0 0 0 0
"valuesvoterssummit" 0 0 0 0 0 0 0 0 0 0.675675675675676 0 0 0 0 0 0 0 0 0 0 0 0 0
"vamissionact" 0 0 0 0 0 0 0 0 0 0 0 0 1.75438596491228 0 0 0 0 0 0 0 0 0 0
"vasecretary" 0 0 0 0 0 0 2.38095238095238 0 0 0 0 0 0 0 0 0 0 0 0 0 0 0 0
"vavideoconnect" 0 0 0 0 0 0 0 0 0.675675675675676 0 0 0 0 0 0 0 0 0 0 0 0 0 0
"vegasstrong" 0 0 0 0 0 0 0 0 0 0.675675675675676 0 0 0 0 0 0 0 0 0 0 0 0 0
"vets" 0 0 0.1953125 0 0 0 0 0 0 0 0 0 0 0 0 0 0 0 0 0 0 0 0
"via" 0 0 0.1953125 0 0 0 0 0 0 0 0 0 0 0 0 0 0 0 0 0 0 0 0
"voteearlyday" 0 0 0 0 0 0 0 0 0 0 0 0 0 0 0 0 0 0 0 0 0 0.434782608695652 0
"voteonnov" 0 0 0 0 0 0 0 0 0 0 0 0 0 0 0 0 0 1.28205128205128 0 0 0 0 0
"voteralphnorman" 0 0 0 0 0 0 0 0 0.675675675675676 0 0 0 0 0 0 0 0 0 0 0 0 0 0
"voterfraud" 0 0 0 0 0 0 0 0 0 0 0 0 0 0 0 0 1 0 0 0 0 0 0
"voterid" 0 0 0 0 0 0 0 0 0 0 0 0 0 0 0 0 1 0 0 0 0 0 0
"votersspeak" 0 0 0.1953125 0 0 0 0 0 0 0 0 0 0 0 0 0 0 0 0 0 0 0 0
"votetrumphi" 0 0 0 0.221238938053097 0 0 0 0 0 0 0 0 0 0 0 0 0 0 0 0 0 0 0
"votetrumpid" 0 0 0 0.221238938053097 0 0 0 0 0 0 0 0 0 0 0 0 0 0 0 0 0 0 0
"votetrumpil" 0 0 0.1953125 0 0 0 0 0 0 0 0 0 0 0 0 0 0 0 0 0 0 0 0
"votetrumpks" 0 0 0 0.221238938053097 0 0 0 0 0 0 0 0 0 0 0 0 0 0 0 0 0 0 0
"votetrumpma" 0 0 0.1953125 0 0 0 0 0 0 0 0 0 0 0 0 0 0 0 0 0 0 0 0
"votetrumpmitrump" 0 0 0.1953125 0 0 0 0 0 0 0 0 0 0 0 0 0 0 0 0 0 0 0 0
"votetrumpms" 0 0 0 0.221238938053097 0 0 0 0 0 0 0 0 0 0 0 0 0 0 0 0 0 0 0
"votetrumpnc" 0 0 0.1953125 0 0 0 0 0 0 0 0 0 0 0 0 0 0 0 0 0 0 0 0
"votetrumpvt" 0 0 0.1953125 0 0 0 0 0 0 0 0 0 0 0 0 0 0 0 0 0 0 0 0
"votetrumpwi" 0 0 0 0.221238938053097 0 0 0 0 0 0 0 0 0 0 0 0 0 0 0 0 0 0 0
"wakeupamerica" 0 0 0 0 0.32258064516129 0 0 0 0 0 0 0 0 0 0 0 0 0 0 0 0 0 0
"walkaway" 0 0 0 0 0 0 0 0 0 0 0 0 0 0.892857142857143 0 0 0 0 0 0 0 0 0
"wausau" 0 0 0 0.221238938053097 0 0 0 0 0 0 0 0 0 0 0 0 0 0 0 0 0 0 0
"wcs" 0 0 0 0 0.32258064516129 0 0 0 0 0 0 0 0 0 0 0 0 0 0 0 0 0 0
"wellness" 1.44927536231884 0 0 0 0 0 0 0 0 0 0 0 0 0 0 0 0 0 0 0 0 0 0
"weneedmorerepublicansin" 0 0 0 0 0 0 0 0 0 0 1.92307692307692 0 0 0 0 0 0 0 0 0 0 0 0
"westerntuesday" 0 0 0 0.221238938053097 0 0 0 0 0 0 0 0 0 0 0 0 0 0 0 0 0 0 0
"wewanttoplay" 0 0 0 0 0 0 0 0 0 0 0 0 0 0 0 0 0 0 0 0 0.8 0 0
"wgdp" 0 0 0 0 0 0 0 0 0 0 0 0 0 0 2.63157894736842 0 0 0 0 0 0 0 0
"whereshillary" 0 0 0 0 0.32258064516129 0 0 0 0 0 0 0 0 0 0 0 0 0 0 0 0 0 0
"wisconsin" 0 0 0 0.221238938053097 0 0 0 0 0 0 0 0 0 0 0 0 0 0 0 0 0 0 0
"words" 1.44927536231884 0 0 0 0 0 0 0 0 0 0 0 0 0 0 0 0 0 0 0 0 0 0
"workforce" 0 0 0 0 0 0 0 0 0 0 0 0 1.75438596491228 0 0 0 0 0 0 0 0 0 0
"workforceweek" 0 0 0 0 0 0 0 0 0.675675675675676 0 0 0 0 0 0 0 0 0 0 0 0 0 0
"worlddownsyndromeday" 0 0 0 0 0 0 0 0 0 0 0 0 0 0 0 1.85185185185185 0 0 0 0 0 0 0
"worldseries" 0 0 0 0 0 0 0 0 0 0.675675675675676 0 0 0 0 0 0 0 0 0 0 0 0 0
"wrightbrothers" 0 0 0 0 0 0 0 0 0 0 1.92307692307692 0 0 0 0 0 0 0 0 0 0 0 0
"wvgov" 0 0 0 0 0 0 0 0 0 0 0 0 0 0 0 0 0 0 0 0 0 0.434782608695652 0
"wvprimary" 0 0 0 0.221238938053097 0 0 0 0 0 0 0 0 0 0 0 0 0 0 0 0 0 0 0
"ybls" 0 0 0 0 0 0 0 0 0 0 0 0 0 0.892857142857143 0 0 0 0 0 0 0 0 0
"yearsoffailure" 0 0 0 0 0 0 0 0 0 0 0 0 0 0 2.63157894736842 0 0 0 0 0 0 0 0
"yomkippur" 0 0.568181818181818 0 0 0 0 0 0 0 0 0 0 0 0 0 0 0 0 0 0 0 0 0
